0.029991373,-0.039875697,-0.115854755,-41
0.03036066,-0.039075352,-0.11549742,-41
0.03096545,-0.03815586,-0.11500641,-41
0.031788256,-0.037278954,-0.11437142,-41
0.03286398,-0.036341358,-0.113565676,-41
0.034166016,-0.03525071,-0.112641305,-41
0.03557216,-0.03399834,-0.11169538,-42
0.036638334,-0.033026274,-0.110987104,-42
0.038412232,-0.031587042,-0.10980405,-42
0.039823297,-0.030598236,-0.10882855,-41
0.040829204,-0.029881958,-0.10814568,-41
0.042023282,-0.02894802,-0.107337974,-41
0.043073937,-0.028133253,-0.10663627,-41
0.04402022,-0.027427986,-0.10602913,-41
0.044933382,-0.026773239,-0.10548852,-41
0.04582313,-0.02614977,-0.10500677,-41
0.04666755,-0.025599448,-0.10459878,-41
0.047459755,-0.02514454,-0.10427507,-41
0.048232175,-0.024708172,-0.10400457,-41
0.048969716,-0.024235832,-0.103810795,-41
0.049707245,-0.023794148,-0.10365643,-41
0.05074773,-0.023353327,-0.10343951,-41
0.05199708,-0.022839092,-0.10315222,-41
0.05339689,-0.022101628,-0.10282447,-41
0.055055067,-0.020985577,-0.10245903,-41
0.057208452,-0.019267458,-0.1019624,-41
0.059636667,-0.016989673,-0.10139419,-41
0.062105443,-0.014356233,-0.100774586,-41
0.06437954,-0.011632451,-0.10014003,-41
0.06625112,-0.008861745,-0.09949999,-41
0.06774938,-0.005759293,-0.09878404,-41
0.06852723,-0.0026832963,-0.09805331,-41
0.06853672,3.104781E-4,-0.09725251,-41
0.06779121,0.0032701115,-0.096321724,-41
0.06625934,0.0062507,-0.09527761,-41
0.0639695,0.009206275,-0.09421183,-41
0.061217263,0.011873626,-0.09315224,-41
0.058828726,0.013718994,-0.09231603,-41
0.055522576,0.015760448,-0.09120313,-41
0.051494706,0.017572703,-0.08986109,-41
0.046949744,0.018874189,-0.08836013,-41
0.04199547,0.019490069,-0.08673357,-41
0.03532399,0.019110687,-0.08459547,-41
0.030838821,0.018146465,-0.08328972,-41
0.024628779,0.016125813,-0.081704535,-41
0.018404055,0.013426971,-0.08038513,-41
0.01209352,0.0100564435,-0.07934108,-42
0.0057899896,0.006122866,-0.07862253,-42
-2.7171905E-5,0.0020284753,-0.078323856,-42
-0.005720951,-0.0023236813,-0.07852762,-42
-0.011522574,-0.0069496846,-0.07921712,-42
-0.017290482,-0.011903155,-0.08024798,-42
-0.02274249,-0.017184459,-0.081460245,-42
-0.027885035,-0.022853091,-0.08268241,-42
-0.03250253,-0.028708486,-0.08374828,-42
-0.036444485,-0.03450674,-0.084646404,-42
-0.039948896,-0.040452775,-0.08539897,-42
-0.042195797,-0.045069057,-0.08579951,-43
-0.04516652,-0.053181928,-0.086285114,-43
-0.046926003,-0.059151605,-0.08666252,-43
-0.048341278,-0.06498944,-0.08704399,-43
-0.04903713,-0.06942663,-0.08734112,-43
-0.049455993,-0.0754488,-0.08770417,-43
-0.049356837,-0.08174722,-0.08795874,-43
-0.04869603,-0.088266134,-0.08813165,-43
-0.04738065,-0.094505,-0.08821499,-43
-0.045378137,-0.100120544,-0.08830933,-43
-0.04264122,-0.10523018,-0.088580705,-43
-0.039196707,-0.10977365,-0.08904788,-43
-0.035268456,-0.11357488,-0.089690946,-43
-0.030986989,-0.11685505,-0.09051052,-43
-0.026398923,-0.119777136,-0.091446154,-43
-0.021483295,-0.12237466,-0.092441835,-43
-0.01596967,-0.12476651,-0.09349431,-43
-0.010584722,-0.12656666,-0.094449505,-43
-0.0052137,-0.1277659,-0.09529612,-43
3.3549435E-4,-0.12852973,-0.09606757,-43
0.0060010403,-0.12888835,-0.09675232,-43
0.011584235,-0.12882583,-0.097308815,-42
0.017353911,-0.12839746,-0.09775055,-43
0.023240242,-0.1276629,-0.09805565,-42
0.029240072,-0.12661147,-0.098197415,-42
0.03378147,-0.12555084,-0.098204754,-42
0.039778013,-0.12377583,-0.098089084,-42
0.046802085,-0.121454276,-0.09784151,-42
0.05242558,-0.11938125,-0.09761632,-42
0.056606535,-0.117650434,-0.097374074,-42
0.06205514,-0.114835665,-0.09707656,-42
0.068455875,-0.11053347,-0.09677532,-42
0.07306805,-0.10677249,-0.09658114,-42
0.076383196,-0.10374904,-0.09637226,-42
0.08077039,-0.09970056,-0.09593266,-42
0.085411206,-0.0946066,-0.09517764,-42
0.087730296,-0.09142489,-0.09468184,-42
0.09059528,-0.087274395,-0.0938374,-42
0.09302102,-0.082886785,-0.09281868,-42
0.0950255,-0.07834755,-0.091661796,-42
0.096614175,-0.07371008,-0.09047054,-42
0.09771004,-0.06904235,-0.08930372,-42
0.09840084,-0.06454701,-0.088160984,-42
0.09874757,-0.0600171,-0.08705971,-42
0.09867396,-0.055416573,-0.08605142,-42
0.09811713,-0.050783057,-0.08509432,-42
0.09712338,-0.046392962,-0.08420005,-42
0.095688954,-0.042114507,-0.08333901,-41
0.09385202,-0.037972514,-0.08248983,-42
0.091590576,-0.033974204,-0.081613995,-42
0.088922106,-0.030178549,-0.080659546,-42
0.08667852,-0.027460098,-0.07986372,-41
0.0824674,-0.02314361,-0.07838535,-42
0.07966873,-0.020721573,-0.07740827,-42
0.07448104,-0.016884776,-0.07558457,-42
0.07094392,-0.014551655,-0.07432099,-42
0.06454007,-0.010745097,-0.07202399,-42
0.060126618,-0.008509413,-0.07045004,-42
0.05314065,-0.0057806848,-0.06813154,-42
0.04719277,-0.004258957,-0.06638359,-42
0.042509846,-0.0035187744,-0.06513474,-42
0.036036145,-0.003064651,-0.06358129,-42
0.029421866,-0.003177282,-0.06215214,-42
0.022518454,-0.0037310487,-0.060734026,-42
0.015531519,-0.0047091893,-0.05943924,-42
0.008508302,-0.0062272088,-0.058305208,-42
0.0014506524,-0.008406995,-0.057327963,-42
-0.006288128,-0.011493884,-0.05649793,-42
-0.013343861,-0.014963865,-0.05592916,-42
-0.02032907,-0.019040167,-0.055538476,-42
-0.027043829,-0.02349283,-0.05530187,-43
-0.03395668,-0.02846459,-0.055153925,-43
-0.040032025,-0.033122364,-0.055143967,-43
-0.045636624,-0.037862487,-0.055280607,-43
-0.050857045,-0.04284963,-0.05553617,-43
-0.054410383,-0.046604507,-0.055769917,-43
-0.059762493,-0.052882846,-0.05617151,-43
-0.06355653,-0.057805166,-0.056491904,-43
-0.067128055,-0.062922135,-0.056881923,-43
-0.07025763,-0.06810918,-0.057326287,-43
-0.07286666,-0.0733285,-0.05775199,-43
-0.074658595,-0.07768631,-0.058132175,-43
-0.07701345,-0.08424345,-0.05887628,-43
-0.07825444,-0.08811176,-0.059475493,-43
-0.079856396,-0.09446336,-0.06079833,-43
-0.080405235,-0.09813467,-0.061766867,-44
-0.080669835,-0.10303282,-0.06329122,-43
-0.08045003,-0.10730709,-0.06487715,-43
-0.079587504,-0.11221241,-0.06702993,-43
-0.07871938,-0.1151075,-0.06837469,-44
-0.07703749,-0.118979074,-0.07017123,-44
-0.07478584,-0.12265821,-0.071944535,-44
-0.07213712,-0.12595648,-0.07373245,-43
-0.069274,-0.1288408,-0.07556227,-44
-0.066131786,-0.13141996,-0.07738114,-43
-0.062621444,-0.13378227,-0.07911187,-43
-0.0587664,-0.13594297,-0.08081595,-43
-0.054616902,-0.1378476,-0.0825028,-43
-0.05024813,-0.13934435,-0.084012136,-43
-0.045548096,-0.14035739,-0.08537372,-43
-0.040420625,-0.14085075,-0.08662676,-43
-0.03443808,-0.14093344,-0.08784786,-43
-0.028426513,-0.14080182,-0.08891994,-43
-0.022234984,-0.14053479,-0.08985055,-43
-0.015949545,-0.14004123,-0.09059889,-43
-0.009581052,-0.13911943,-0.09114599,-43
-0.0032563785,-0.1377063,-0.09150861,-43
0.0014725645,-0.13630384,-0.09165253,-43
0.008049845,-0.1338686,-0.0916387,-43
0.01654138,-0.12998359,-0.09128319,-43
0.021820623,-0.12715839,-0.09091593,-42
0.02901371,-0.12282186,-0.090294234,-42
0.037571173,-0.11692375,-0.08940796,-42
0.044263013,-0.11169802,-0.08866527,-42
0.049192183,-0.107508674,-0.08811536,-42
0.05581861,-0.101449594,-0.087373644,-42
0.06223378,-0.09516392,-0.086621545,-42
0.06788353,-0.089403056,-0.08582514,-42
0.07311588,-0.08384835,-0.08490133,-42
0.0778466,-0.078425206,-0.083945625,-42
0.08220332,-0.07275515,-0.08301125,-42
0.08613034,-0.06676624,-0.082155675,-42
0.0892712,-0.061025225,-0.08146962,-42
0.091725536,-0.05519208,-0.08093082,-42
0.09374707,-0.04934418,-0.08039872,-41
0.095450275,-0.043498907,-0.0798059,-41
0.09669542,-0.037763994,-0.07920108,-41
0.097466856,-0.03182566,-0.07858628,-41
0.09770603,-0.02605968,-0.077937074,-41
0.09741187,-0.020824963,-0.077182226,-41
0.096817434,-0.017163862,-0.07653451,-41
0.09489708,-0.0110750925,-0.07526396,-41
0.09321247,-0.007688624,-0.07443939,-41
0.0897082,-0.0029616433,-0.073040366,-41
0.08621674,2.040876E-4,-0.07178757,-41
0.08105438,0.003552929,-0.07012682,-41
0.078609526,0.004855089,-0.06941506,-41
0.073409334,0.0073271007,-0.06805059,-41
0.06712381,0.009916713,-0.0666212,-41
0.06330176,0.011381486,-0.0658123,-41
0.058187194,0.01324079,-0.064774044,-41
0.0532965,0.014942676,-0.063833006,-41
0.04809174,0.016677173,-0.062923394,-41
0.042654026,0.018292585,-0.062120546,-41
0.036977183,0.01957993,-0.06142348,-41
0.031028504,0.020424291,-0.060770605,-42
0.025032599,0.020812351,-0.060124364,-42
0.018897623,0.020720128,-0.05946899,-42
0.012342478,0.020049673,-0.05882369,-42
0.0055628503,0.01872489,-0.058253434,-42
-0.0013367954,0.016668933,-0.057737716,-42
-0.008258391,0.013856595,-0.057294544,-42
-0.015112087,0.010397437,-0.05697393,-42
-0.02184763,0.006508494,-0.056771994,-42
-0.028315812,0.002456128,-0.056745905,-42
-0.032931786,-6.5768254E-4,-0.0568902,-42
-0.04070708,-0.006470613,-0.05747716,-42
-0.04623124,-0.011115187,-0.058138624,-42
-0.050888997,-0.01554043,-0.058944773,-43
-0.055111617,-0.020105049,-0.05994958,-43
-0.058901887,-0.024756804,-0.061045382,-43
-0.0620039,-0.029338347,-0.062096752,-43
-0.06447944,-0.033814527,-0.06304837,-43
-0.0665133,-0.038160563,-0.06394909,-43
-0.067769274,-0.04137569,-0.06457944,-43
-0.06903147,-0.045703154,-0.06534997,-43
-0.070114516,-0.051704373,-0.06630807,-43
-0.07054113,-0.05584522,-0.06693821,-43
-0.070624605,-0.05968494,-0.067517556,-43
-0.070311844,-0.063135765,-0.068027884,-43
-0.06985197,-0.065433316,-0.06835301,-43
-0.06898393,-0.068240896,-0.068728544,-43
-0.06786164,-0.07074707,-0.06902841,-43
-0.066472955,-0.07289244,-0.06924547,-43
-0.06486524,-0.07465305,-0.069403656,-43
-0.063055456,-0.07597948,-0.06954475,-43
-0.061003268,-0.07678144,-0.06967628,-43
-0.058692783,-0.07699519,-0.069814555,-43
-0.05614763,-0.076674916,-0.0699946,-43
-0.053385686,-0.07592549,-0.07024343,-43
-0.05037598,-0.07476856,-0.070565954,-43
-0.047294363,-0.073236115,-0.07100319,-43
-0.044257928,-0.0714802,-0.07158962,-43
-0.041251183,-0.06966119,-0.072313465,-42
-0.03819067,-0.06786392,-0.07311888,-43
-0.035043303,-0.06606043,-0.07398931,-42
-0.031868502,-0.06414711,-0.07495189,-42
-0.029519347,-0.062636405,-0.07572379,-42
-0.025528267,-0.06008826,-0.076987185,-42
-0.022104051,-0.058190983,-0.07786973,-42
-0.019367067,-0.056887556,-0.07844787,-42
-0.015566027,-0.05520632,-0.0791197,-42
-0.011732877,-0.053506512,-0.07968161,-42
-0.007119278,-0.051480703,-0.08024379,-42
-0.004494932,-0.05043737,-0.08054505,-42
-1.4097702E-4,-0.048952796,-0.08097878,-42
0.0022877087,-0.048313458,-0.08114621,-42
0.00568005,-0.047709297,-0.08119796,-42
0.008237939,-0.04758786,-0.08107753,-42
0.010474136,-0.047799222,-0.08084679,-42
0.012389315,-0.048362527,-0.08056425,-42
0.014041075,-0.04932876,-0.08027423,-42
0.015426606,-0.050761618,-0.08004279,-42
0.016558817,-0.05259814,-0.079907306,-42
0.017707622,-0.05501135,-0.07991333,-42
0.01906916,-0.058745418,-0.080345854,-41
0.019754665,-0.061403316,-0.08102844,-41
0.02047238,-0.06562816,-0.08249463,-42
0.021113481,-0.07025544,-0.08437861,-42
0.021902146,-0.07535525,-0.08660767,-42
0.02313694,-0.081809126,-0.08956698,-41
0.023986312,-0.085777834,-0.091429465,-42
0.025157755,-0.0913233,-0.09408586,-42
0.02621218,-0.096341506,-0.09656001,-42
0.026971646,-0.100033484,-0.098379,-42
0.02797635,-0.10486083,-0.100695215,-42
0.02923235,-0.11071817,-0.10345224,-42
0.030191228,-0.11538882,-0.10569265,-42
0.030958511,-0.11948472,-0.10767499,-42
0.031433675,-0.12248662,-0.10912184,-42
0.031822134,-0.12643829,-0.11089548,-42
0.03205999,-0.13063928,-0.11239861,-42
0.03248038,-0.13652633,-0.11377707,-42
0.032853257,-0.14037816,-0.11438795,-42
0.033399068,-0.1456831,-0.1150654,-42
0.034067724,-0.1511543,-0.11563436,-42
0.034856595,-0.15688714,-0.11619573,-42
0.035710067,-0.16296723,-0.11680755,-42
0.03656021,-0.16849683,-0.117391296,-42
0.037437025,-0.17362683,-0.117933,-42
0.03838445,-0.17850092,-0.11842423,-42
0.039397687,-0.18314116,-0.1188645,-42
0.04059092,-0.18816258,-0.11931709,-42
0.041821748,-0.19307989,-0.119767144,-42
0.043021083,-0.19796658,-0.120214775,-42
0.04414446,-0.20259032,-0.12062035,-43
0.0452522,-0.20733067,-0.12103641,-43
0.046438545,-0.21259855,-0.1214936,-43
0.04751352,-0.21757253,-0.12190975,-43
0.048666567,-0.22281331,-0.12226754,-43
0.04997495,-0.22831249,-0.122540556,-43
0.051384278,-0.23399614,-0.122723155,-43
0.0529778,-0.23995525,-0.12287519,-43
0.05430492,-0.2445075,-0.12299481,-43
0.05683279,-0.25220656,-0.12336722,-43
0.059147235,-0.25850418,-0.12384715,-43
0.06090827,-0.26297775,-0.12428246,-43
0.06337964,-0.26907924,-0.12500492,-43
0.0661636,-0.27563033,-0.12593316,-43
0.06904892,-0.28211942,-0.12706003,-43
0.07190212,-0.2884854,-0.1284168,-43
0.07475064,-0.2949145,-0.1300576,-43
0.07753456,-0.30139413,-0.13192523,-43
0.08027288,-0.30790937,-0.1339523,-43
0.08299681,-0.31432447,-0.13607927,-43
0.08563621,-0.3205598,-0.13820933,-43
0.08810887,-0.32646328,-0.14021862,-43
0.09035032,-0.33217144,-0.14209679,-43
0.092466705,-0.33777863,-0.14362314,-43
0.094550945,-0.3432813,-0.14462219,-43
0.096547246,-0.34863532,-0.14503169,-43
0.098493695,-0.35414618,-0.14491577,-43
0.10018282,-0.35940227,-0.14437884,-43
0.10147983,-0.3642425,-0.1435918,-43
0.10238547,-0.36918223,-0.14268929,-43
0.102833845,-0.3744097,-0.1418696,-43
0.102673106,-0.3802111,-0.14128435,-44
0.10179343,-0.38595986,-0.1411837,-43
0.10037784,-0.39164752,-0.14158447,-44
0.09866061,-0.397526,-0.14238545,-43
0.097253926,-0.4019992,-0.14320648,-43
0.09459516,-0.40983006,-0.14503393,-43
0.09282523,-0.41488385,-0.14639105,-44
0.09074734,-0.4212851,-0.14815904,-43
0.088953964,-0.42785034,-0.14996359,-43
0.08746247,-0.43436113,-0.1517929,-43
0.08629789,-0.4406152,-0.15366103,-43
0.08547673,-0.4466592,-0.15563563,-43
0.08504046,-0.45229387,-0.15767987,-43
0.085015275,-0.45739588,-0.15976906,-43
0.08537131,-0.46180812,-0.16183749,-43
0.0859596,-0.46571898,-0.16398859,-43
0.08668821,-0.46933398,-0.16621868,-43
0.087570034,-0.47271216,-0.16842793,-43
0.08846615,-0.47572163,-0.17062546,-43
0.08922151,-0.47819868,-0.17283794,-43
0.08984482,-0.4801222,-0.17504178,-43
0.090326,-0.48155367,-0.17730485,-43
0.090500236,-0.48254097,-0.17953,-43
0.09029391,-0.48313826,-0.18158358,-43
0.0897994,-0.48346245,-0.18321477,-43
0.08902204,-0.48366815,-0.18450838,-43
0.08832748,-0.483777,-0.18513742,-43
0.08688606,-0.48413104,-0.18573257,-43
0.085603036,-0.48476884,-0.18583645,-43
0.08435407,-0.48575062,-0.18568131,-43
0.08316843,-0.48695913,-0.18539508,-43
0.0821427,-0.4882494,-0.1850317,-43
0.081423126,-0.48964107,-0.1845787,-42
0.08105827,-0.49082178,-0.1842197,-42
0.080724485,-0.49267337,-0.18376763,-43
0.08077322,-0.49484807,-0.18331806,-43
0.081074476,-0.49602288,-0.18306094,-43
0.081936486,-0.49765852,-0.18271995,-43
0.08316643,-0.49912456,-0.18248387,-43
0.08453293,-0.50056314,-0.1824944,-43
0.085951194,-0.5021264,-0.18285032,-43
0.08743544,-0.5037628,-0.18355268,-43
0.08895088,-0.5053485,-0.18452844,-43
0.09047435,-0.50692445,-0.18572433,-43
0.09207743,-0.50853026,-0.18710804,-43
0.09374865,-0.5101266,-0.18875144,-43
0.095265,-0.51158905,-0.19071046,-43
0.096558064,-0.5128852,-0.19296962,-43
0.09769074,-0.5142647,-0.19544166,-43
0.09864172,-0.5158053,-0.19803685,-43
0.0995232,-0.5173471,-0.20058504,-43
0.100273654,-0.5188333,-0.20311497,-43
0.10084686,-0.52037585,-0.20563783,-43
0.101339415,-0.5219878,-0.20813817,-43
0.10166103,-0.5236761,-0.21064529,-43
0.101667635,-0.5255446,-0.21312483,-43
0.10132565,-0.5276843,-0.21547794,-43
0.10072427,-0.5299849,-0.21759589,-42
0.10020662,-0.5318436,-0.21888927,-42
0.09946992,-0.5353511,-0.22028582,-42
0.09908652,-0.53831446,-0.22058879,-42
0.098923825,-0.54105604,-0.22022107,-43
0.09893696,-0.5429077,-0.21959816,-43
0.09915531,-0.54500705,-0.21843027,-43
0.09982723,-0.5469393,-0.2167674,-43
0.1004011,-0.54799587,-0.21563748,-43
0.101349756,-0.54940325,-0.214133,-43
0.10244272,-0.55092597,-0.21284756,-42
0.10350217,-0.55263126,-0.21191673,-42
0.10461461,-0.55453235,-0.21131307,-43
0.1055141,-0.5560132,-0.21104136,-43
0.10707474,-0.5584512,-0.21081164,-43
0.108462565,-0.56038827,-0.21076614,-42
0.11004017,-0.5622993,-0.21073493,-43
0.111798465,-0.5641724,-0.2107,-43
0.11374119,-0.5660198,-0.21064094,-42
0.11584242,-0.56781584,-0.21051101,-43
0.117990196,-0.5695913,-0.21039851,-42
0.120171085,-0.5714113,-0.21032573,-43
0.121866666,-0.57282317,-0.21028547,-42
0.12490059,-0.57538974,-0.21030548,-42
0.12698215,-0.57724893,-0.2104561,-42
0.12969309,-0.5798716,-0.2109095,-42
0.13240817,-0.5828259,-0.21163693,-42
0.13499027,-0.5861121,-0.21246602,-42
0.13809784,-0.5908244,-0.21344547,-42
0.14057124,-0.59526664,-0.2140147,-42
0.14230245,-0.5987123,-0.21429034,-42
0.14458847,-0.603657,-0.21451001,-42
0.14683075,-0.60891294,-0.21460675,-42
0.14899299,-0.6142511,-0.21461679,-42
0.15114276,-0.61968356,-0.21451162,-42
0.1533739,-0.62514114,-0.21428373,-42
0.15565632,-0.6302982,-0.21390529,-42
0.15738484,-0.6339582,-0.21351743,-42
0.16028753,-0.6399051,-0.21269512,-42
0.16268148,-0.64472014,-0.21195467,-42
0.16491614,-0.64934504,-0.21128091,-42
0.1671088,-0.65410846,-0.21071845,-42
0.16931361,-0.6591186,-0.21037135,-42
0.17151265,-0.66430324,-0.21034013,-42
0.17393003,-0.67022836,-0.2107008,-42
0.1762769,-0.6758701,-0.21119884,-42
0.17881352,-0.68167126,-0.2117458,-42
0.18148789,-0.6875507,-0.21228357,-42
0.18445534,-0.69367695,-0.21281217,-42
0.18772815,-0.70000064,-0.21336009,-42
0.19110121,-0.70616627,-0.21385117,-41
0.19434999,-0.71187115,-0.21427381,-41
0.19730951,-0.7171863,-0.21468693,-41
0.20008403,-0.7226657,-0.21514651,-41
0.20196635,-0.726752,-0.21550453,-41
0.20437773,-0.7324446,-0.21599774,-41
0.20715934,-0.7396097,-0.21665257,-41
0.2086717,-0.7437989,-0.2171103,-41
0.2104728,-0.74913806,-0.21783566,-41
0.21273611,-0.75664306,-0.21898563,-41
0.21405238,-0.7616128,-0.21977022,-41
0.21493447,-0.7652559,-0.22029684,-41
0.21597825,-0.7699858,-0.22088069,-41
0.21684286,-0.7745967,-0.22130314,-41
0.21775578,-0.78027904,-0.22168848,-41
0.21814802,-0.7833799,-0.22180532,-41
0.21844779,-0.78729707,-0.22189733,-41
0.21848994,-0.79105514,-0.2219382,-41
0.21834071,-0.79463005,-0.22193426,-41
0.21807271,-0.7978925,-0.2218146,-41
0.21769941,-0.8007649,-0.22153743,-41
0.2172339,-0.8032673,-0.22112417,-41
0.2168422,-0.80486745,-0.22074272,-41
0.21615298,-0.8069682,-0.219994,-41
0.21554904,-0.808196,-0.21931928,-41
0.21499516,-0.80911344,-0.21848227,-41
0.21454827,-0.8098411,-0.21743903,-41
0.21416068,-0.8105018,-0.21621579,-41
0.21383515,-0.8112491,-0.21485013,-41
0.21351469,-0.8122246,-0.21337217,-41
0.21327081,-0.81334656,-0.21202934,-41
0.21303675,-0.81561244,-0.20978415,-41
0.21303192,-0.8175984,-0.20802245,-41
0.213206,-0.819612,-0.20637758,-41
0.21352212,-0.8216501,-0.20494379,-41
0.21394032,-0.8238334,-0.20377009,-40
0.21430941,-0.82563716,-0.20305577,-41
0.21487628,-0.8282939,-0.20225988,-41
0.21549524,-0.8311261,-0.20157146,-41
0.21637952,-0.8345649,-0.200733,-41
0.21697377,-0.836459,-0.2002684,-41
0.2178958,-0.83882284,-0.19963524,-41
0.21908745,-0.8410441,-0.19887955,-41
0.22061495,-0.8430603,-0.19787246,-41
0.22239144,-0.8447512,-0.19661573,-41
0.22433363,-0.8462363,-0.19522826,-41
0.22645935,-0.8476057,-0.19378346,-41
0.22813222,-0.8485239,-0.19271454,-41
0.23095642,-0.84963924,-0.1910388,-41
0.23318398,-0.8500119,-0.18981169,-41
0.23541549,-0.8500352,-0.18874352,-41
0.23758431,-0.8500639,-0.18788008,-41
0.2397743,-0.85040843,-0.18714815,-41
0.24204908,-0.85106486,-0.1865201,-40
0.2443749,-0.8518483,-0.18602587,-39
0.24673477,-0.85268784,-0.18561065,-39
0.24911052,-0.85358816,-0.18518212,-39
0.25089994,-0.8543379,-0.1847726,-38
0.25385392,-0.8557035,-0.18376487,-38
0.25611934,-0.85674506,-0.1825892,-40
0.2577797,-0.8575115,-0.18154106,-40
0.25991723,-0.8585008,-0.17996036,-41
0.2623728,-0.85965484,-0.17777514,-41
0.2637467,-0.86036396,-0.17641889,-41
0.26590675,-0.8616413,-0.17428102,-41
0.2670563,-0.8625025,-0.17301603,-41
0.26822463,-0.8636693,-0.17156659,-41
0.26941893,-0.8651746,-0.1700001,-41
0.27079615,-0.866939,-0.16819066,-41
0.2723378,-0.8687697,-0.16616675,-41
0.2741824,-0.8707706,-0.16375011,-41
0.27627885,-0.8727928,-0.16106698,-41
0.2783314,-0.8745492,-0.15851513,-41
0.28028715,-0.8760028,-0.15620796,-39
0.28213364,-0.87709314,-0.15419434,-39
0.2838863,-0.877862,-0.15241687,-39
0.28559202,-0.8784777,-0.1508803,-38
0.28731045,-0.87915254,-0.14948511,-39
0.28899005,-0.87987286,-0.14812808,-40
0.29069588,-0.88053083,-0.146668,-41
0.29252288,-0.8809334,-0.14497672,-41
0.29442263,-0.881071,-0.14305712,-41
0.29587,-0.8810958,-0.14148922,-41
0.29844734,-0.88108224,-0.13858688,-41
0.30027655,-0.8809898,-0.13641351,-41
0.3017254,-0.8808366,-0.13462944,-41
0.3035991,-0.8806516,-0.13238202,-41
0.30593726,-0.8806552,-0.12977338,-41
0.3073624,-0.88079786,-0.12819527,-41
0.3092856,-0.8811431,-0.12606193,-41
0.3112482,-0.88161606,-0.123904,-41
0.31321305,-0.8821962,-0.12173826,-41
0.31527054,-0.88289994,-0.11954992,-41
0.31732976,-0.88368523,-0.117450625,-41
0.3196446,-0.8847582,-0.11525158,-41
0.32150874,-0.8858491,-0.11372964,-41
0.32337,-0.88718486,-0.112466164,-41
0.32477123,-0.88828844,-0.11167428,-41
0.32698476,-0.89021796,-0.1106725,-41
0.32856822,-0.8919135,-0.11017204,-41
0.33004248,-0.89381564,-0.10992649,-41
0.3314094,-0.8959431,-0.109916404,-41
0.33292174,-0.89886343,-0.110119306,-41
0.333758,-0.9006811,-0.11029605,-41
0.33480105,-0.9031903,-0.11058192,-41
0.33582795,-0.9059312,-0.11096475,-41
0.33683184,-0.90889823,-0.11144567,-41
0.33756483,-0.91124225,-0.1118631,-41
0.33882365,-0.9153476,-0.11270469,-41
0.33981687,-0.91876423,-0.11350875,-41
0.34080002,-0.9224581,-0.11439251,-41
0.34190595,-0.9265697,-0.115324415,-41
0.34287518,-0.92999184,-0.11604139,-41
0.34452912,-0.93537503,-0.117078245,-41
0.34643137,-0.94108135,-0.11807569,-41
0.34846509,-0.9467603,-0.119068414,-41
0.35100904,-0.9533297,-0.12027874,-41
0.35254213,-0.95705634,-0.121024266,-41
0.35513854,-0.963228,-0.122365974,-41
0.35680246,-0.9669673,-0.123221345,-41
0.3589661,-0.9716503,-0.124391854,-41
0.3608536,-0.97581655,-0.12556961,-41
0.36218914,-0.97893286,-0.12652756,-41
0.36445254,-0.9843632,-0.12827948,-41
0.3661854,-0.988591,-0.1296887,-41
0.36790308,-0.9927495,-0.13108702,-41
0.3695919,-0.99677104,-0.13244466,-41
0.3711828,-1.0005805,-0.13375889,-41
0.37262946,-1.0042243,-0.13505739,-41
0.3741976,-1.0082695,-0.13643841,-41
0.37585732,-1.0125299,-0.13776192,-41
0.37748754,-1.0167044,-0.1389448,-41
0.37895396,-1.0206355,-0.13996054,-41
0.380471,-1.0247378,-0.14089122,-41
0.3820711,-1.0289869,-0.14177413,-41
0.38356364,-1.0332199,-0.14261046,-41
0.38458055,-1.0363812,-0.14322138,-41
0.38583368,-1.0406712,-0.14401518,-41
0.3872273,-1.0460659,-0.14493872,-41
0.38796532,-1.0493003,-0.1454361,-41
0.38882247,-1.053443,-0.14599703,-41
0.38951293,-1.0573783,-0.14643137,-41
0.39017332,-1.0622803,-0.14683734,-41
0.39059618,-1.0662254,-0.14704901,-41
0.3908663,-1.0691618,-0.14714083,-41
0.39117286,-1.0730423,-0.14716572,-41
0.39148486,-1.0772262,-0.14709677,-41
0.39189744,-1.0826415,-0.14690927,-41
0.3922018,-1.08612,-0.14674358,-41
0.3928175,-1.0907781,-0.14645892,-41
0.39357373,-1.0955026,-0.14616686,-41
0.39438486,-1.1000204,-0.1459158,-41
0.39507854,-1.103393,-0.1457646,-41
0.39622757,-1.1086386,-0.14567585,-41
0.39697522,-1.1121141,-0.14577706,-41
0.39788157,-1.1159507,-0.14604223,-41
0.39877754,-1.1195848,-0.14646424,-41
0.3993559,-1.1220251,-0.14689977,-41
0.40022618,-1.1259794,-0.14791057,-41
0.4008923,-1.1293947,-0.14905307,-41
0.4015839,-1.1332031,-0.15049319,-41
0.40206844,-1.136095,-0.15162888,-41
0.40274438,-1.1404494,-0.15336591,-41
0.40332988,-1.1440189,-0.15472014,-41
0.40383643,-1.1471777,-0.15587425,-41
0.40430212,-1.1504177,-0.15698846,-41
0.40474117,-1.1537161,-0.1580213,-41
0.40507722,-1.1562717,-0.15878357,-41
0.40558815,-1.1604708,-0.16003896,-41
0.40586632,-1.1633766,-0.16093343,-41
0.4060426,-1.166572,-0.16194607,-41
0.40606916,-1.1698573,-0.16302052,-41
0.40596503,-1.1732529,-0.16412668,-41
0.4057401,-1.1767268,-0.16521513,-41
0.40531412,-1.1803168,-0.1662593,-41
0.4046595,-1.1840558,-0.16718721,-41
0.40385228,-1.187993,-0.16789746,-41
0.4030191,-1.1921315,-0.16831532,-41
0.4022004,-1.1964209,-0.16839921,-42
0.4013803,-1.200832,-0.16812843,-42
0.40053424,-1.2052549,-0.16758503,-42
0.39963576,-1.2098567,-0.16680534,-42
0.39892152,-1.2134274,-0.16610843,-42
0.3976814,-1.2192371,-0.16492955,-42
0.39659926,-1.2239648,-0.16396451,-42
0.39546686,-1.229064,-0.162942,-42
0.39443517,-1.2343146,-0.16195428,-42
0.3936496,-1.2396067,-0.16105759,-42
0.3932345,-1.2436322,-0.16043186,-42
0.39278218,-1.2501493,-0.15957874,-42
0.39257082,-1.2555965,-0.1590179,-42
0.3925525,-1.261246,-0.15859543,-42
0.39265078,-1.2656033,-0.15837955,-43
0.39294368,-1.2730067,-0.1582016,-43
0.3933086,-1.2790467,-0.1582256,-43
0.39363122,-1.2836355,-0.1583153,-43
0.39409035,-1.2898022,-0.15847759,-43
0.39460874,-1.2960305,-0.15858725,-43
0.39528954,-1.3023338,-0.15855397,-43
0.3959178,-1.3079438,-0.15842663,-43
0.3964356,-1.31445,-0.1581878,-43
0.3966089,-1.3184354,-0.15797895,-43
0.3967088,-1.3225585,-0.15768754,-43
0.39680403,-1.329775,-0.15690771,-43
0.39678454,-1.3357043,-0.15597023,-43
0.39665788,-1.3417326,-0.15483475,-44
0.39648205,-1.3477747,-0.15351494,-44
0.39632282,-1.3537631,-0.15201437,-44
0.39622536,-1.3596402,-0.15034217,-44
0.3962356,-1.3653083,-0.1485271,-44
0.3963706,-1.370717,-0.14659277,-44
0.39670005,-1.3762287,-0.1444662,-44
0.39707777,-1.3806317,-0.1427428,-45
0.39782876,-1.3875934,-0.14005432,-45
0.39860028,-1.3929642,-0.13809586,-45
0.3994961,-1.3980659,-0.13643177,-45
0.40050966,-1.4029539,-0.13500215,-45
0.40136108,-1.4065994,-0.13401735,-45
0.40302557,-1.4129283,-0.13237451,-45
0.40462402,-1.4183099,-0.130939,-45
0.4063216,-1.423712,-0.129403,-45
0.40759045,-1.4276537,-0.1281612,-45
0.40931812,-1.4327195,-0.12634686,-46
0.4113888,-1.4384202,-0.12393675,-46
0.4124153,-1.4411701,-0.12258057,-46
0.41385764,-1.4448831,-0.1205498,-46
0.41523665,-1.4484155,-0.118479885,-46
0.41668957,-1.4520661,-0.11619293,-46
0.4182789,-1.4557954,-0.11358593,-46
0.4198637,-1.4591482,-0.11083109,-46
0.42157245,-1.4621888,-0.10787397,-45
0.42372212,-1.4654167,-0.10417292,-46
0.42620364,-1.4684712,-0.10002498,-46
0.42897063,-1.4711798,-0.09567727,-46
0.43192264,-1.4735471,-0.09122376,-47
0.43505067,-1.4756438,-0.08670882,-46
0.43828052,-1.4774733,-0.082313,-46
0.44243485,-1.4794753,-0.077173725,-46
0.4449643,-1.4805745,-0.07431857,-46
0.44839808,-1.4819953,-0.07080232,-47
0.45195246,-1.4834327,-0.06745175,-47
0.45469442,-1.4844676,-0.06496102,-47
0.45929047,-1.4859198,-0.060836542,-47
0.462035,-1.4866589,-0.058361124,-47
0.4666083,-1.4878683,-0.05411388,-46
0.4693011,-1.4884827,-0.05153485,-47
0.47272038,-1.4891633,-0.048098024,-46
0.47594786,-1.4896787,-0.044671297,-46
0.4794224,-1.489968,-0.040864535,-47
0.48148945,-1.4899802,-0.038585566,-46
0.48372614,-1.4898477,-0.036233034,-46
0.485208,-1.4896668,-0.034791715,-46
0.4869433,-1.4893097,-0.03331956,-46
0.4885284,-1.488786,-0.032340165,-46
0.49009576,-1.4881719,-0.031788167,-47
0.4916789,-1.4873314,-0.031642765,-46
0.4933603,-1.4863071,-0.031789526,-46
0.49513277,-1.4850882,-0.032149956,-46
0.49702582,-1.4836005,-0.03264399,-46
0.4991112,-1.4818336,-0.033159856,-46
0.5013535,-1.4799098,-0.0336795,-46
0.5036005,-1.4780447,-0.034267835,-46
0.5052101,-1.4768538,-0.034857396,-46
0.50763893,-1.4754643,-0.036232613,-46
0.50938183,-1.4748287,-0.037617203,-46
0.51098114,-1.4744302,-0.039224785,-46
0.5124849,-1.4741765,-0.04099749,-46
0.5139371,-1.474068,-0.04288244,-46
0.5153316,-1.474177,-0.044904847,-46
0.5167188,-1.4745852,-0.04704779,-46
0.5181485,-1.4753172,-0.049214266,-46
0.519529,-1.4762955,-0.051444262,-46
0.52086747,-1.4774511,-0.053715553,-46
0.52215326,-1.4787687,-0.05614118,-46
0.5229936,-1.4797287,-0.058137033,-46
0.5242308,-1.4814755,-0.061968673,-46
0.5250216,-1.4830621,-0.06563969,-46
0.5254858,-1.4847807,-0.06989977,-46
0.5256449,-1.486124,-0.07335969,-46
0.52576834,-1.4879155,-0.07807681,-46
0.5259328,-1.489519,-0.08269508,-46
0.5262015,-1.4907836,-0.0869644,-46
0.5267324,-1.491694,-0.090700135,-46
0.5275924,-1.4922717,-0.09390646,-46
0.52906525,-1.4925885,-0.09720691,-46
0.5301751,-1.492658,-0.09889366,-46
0.5318345,-1.4926658,-0.100988165,-45
0.53414756,-1.4925724,-0.10355169,-46
0.53563625,-1.4924337,-0.10511295,-45
0.5376674,-1.4921048,-0.10729273,-45
0.5398021,-1.491765,-0.10956281,-45
0.5421079,-1.491523,-0.11184357,-45
0.54394114,-1.4914557,-0.1135723,-45
0.54718,-1.4916676,-0.116483636,-45
0.5499396,-1.4922007,-0.11883511,-45
0.55267835,-1.4931108,-0.12106348,-45
0.5551894,-1.4943084,-0.12291659,-45
0.5572277,-1.4954243,-0.124243535,-45
0.5613519,-1.4976853,-0.12673779,-45
0.56408113,-1.4991354,-0.12836161,-45
0.5683126,-1.5013086,-0.13070965,-45
0.5709703,-1.5026423,-0.13204785,-45
0.575643,-1.5048705,-0.13420685,-45
0.57845104,-1.506144,-0.1354039,-45
0.5830735,-1.508239,-0.13711469,-45
0.58590055,-1.5095128,-0.137944,-45
0.589793,-1.5113289,-0.1388699,-45
0.5936793,-1.5133196,-0.13954706,-45
0.5975459,-1.5156006,-0.13997602,-45
0.6011294,-1.5180738,-0.1401551,-45
0.60496294,-1.5210888,-0.14010853,-45
0.6087414,-1.524377,-0.13985737,-45
0.6133906,-1.5288095,-0.13934581,-45
0.61611825,-1.5315658,-0.13895968,-45
0.61987674,-1.5355068,-0.13835981,-45
0.62368584,-1.539638,-0.13775337,-45
0.62760186,-1.5439596,-0.1372557,-45
0.63061255,-1.5473717,-0.13704485,-45
0.63537186,-1.5530345,-0.13697205,-45
0.63937515,-1.5580206,-0.1372119,-45
0.64327717,-1.5630281,-0.13776176,-45
0.6461085,-1.5666665,-0.13831036,-46
0.64987475,-1.5713887,-0.13918482,-45
0.6537301,-1.5760858,-0.14024891,-46
0.65872294,-1.5820308,-0.14167121,-46
0.66225564,-1.5860851,-0.14258075,-46
0.66575176,-1.5899885,-0.14339313,-46
0.6692392,-1.593907,-0.14412917,-46
0.6725588,-1.5979224,-0.14472653,-46
0.6758852,-1.6025943,-0.1451752,-46
0.6782001,-1.6063452,-0.14543374,-46
0.6810406,-1.6115777,-0.14568086,-46
0.6836479,-1.6170541,-0.14583823,-46
0.68608123,-1.622729,-0.14597581,-46
0.68841296,-1.6286927,-0.14615029,-46
0.6905208,-1.6343149,-0.14634533,-47
0.69253755,-1.639812,-0.14661893,-47
0.69443804,-1.6451399,-0.1469886,-47
0.69635,-1.6504658,-0.14742804,-47
0.6983613,-1.6559105,-0.14787342,-47
0.700255,-1.6610425,-0.14824834,-47
0.7019379,-1.6657681,-0.14851165,-47
0.7035764,-1.6705574,-0.14870393,-47
0.70516634,-1.6756192,-0.14888106,-47
0.7066974,-1.6809685,-0.1490631,-47
0.7080525,-1.6863946,-0.14922175,-48
0.70915574,-1.6918703,-0.1493344,-48
0.71002585,-1.6970744,-0.14939821,-48
0.710592,-1.7007967,-0.14943196,-48
0.7113541,-1.7058764,-0.14949402,-48
0.7120285,-1.7105757,-0.14961103,-48
0.7126526,-1.7149075,-0.14972351,-48
0.7135646,-1.7198422,-0.14973265,-48
0.71464884,-1.7239116,-0.14959772,-49
0.71625763,-1.7284838,-0.14926869,-49
0.7176482,-1.731856,-0.14895591,-49
0.71947867,-1.7358413,-0.14858744,-49
0.7214777,-1.7396568,-0.1482936,-49
0.72368425,-1.743398,-0.14811984,-49
0.726167,-1.7472385,-0.14807472,-49
0.72874206,-1.7509594,-0.14817746,-49
0.73148316,-1.7548113,-0.14850777,-50
0.7348442,-1.7596647,-0.14924051,-50
0.7367929,-1.7626504,-0.14978509,-50
0.7394616,-1.7669647,-0.15058564,-50
0.7421063,-1.7714509,-0.15140599,-50
0.7446538,-1.7760144,-0.15226522,-50
0.7470292,-1.7804514,-0.15311606,-50
0.74930555,-1.7848345,-0.15391289,-50
0.7517424,-1.7896546,-0.15470298,-50
0.75398475,-1.7941504,-0.15536593,-50
0.75613385,-1.7984936,-0.15592545,-50
0.7588189,-1.8038753,-0.15638173,-50
0.76044154,-1.8072045,-0.15646686,-51
0.7629181,-1.8124342,-0.15621844,-51
0.7650548,-1.8169515,-0.15558758,-51
0.76675963,-1.8204056,-0.1548243,-51
0.7698854,-1.8263222,-0.15304726,-51
0.7727355,-1.8314486,-0.15120336,-51
0.7751686,-1.8357004,-0.14955267,-51
0.7785008,-1.8413498,-0.14730655,-51
0.7816399,-1.8466061,-0.14532848,-52
0.7856029,-1.8536017,-0.14320692,-52
0.7878269,-1.8579503,-0.1423074,-52
0.79135907,-1.8651221,-0.14150845,-52
0.7934292,-1.8692231,-0.14143226,-52
0.79675937,-1.8755052,-0.14188182,-52
0.79867357,-1.8789881,-0.14244847,-52
0.80114675,-1.8835294,-0.14350212,-52
0.80414814,-1.8893112,-0.14521214,-52
0.8065614,-1.8941739,-0.14681534,-52
0.8084134,-1.897974,-0.1481041,-53
0.81143636,-1.9039226,-0.15011407,-53
0.8134838,-1.9078488,-0.15147534,-53
0.8162347,-1.9130712,-0.15335867,-53
0.81901246,-1.9182702,-0.15528205,-53
0.82192826,-1.9238918,-0.15736337,-53
0.82486427,-1.9298345,-0.15954202,-53
0.8263527,-1.9328533,-0.16061553,-53
0.83132184,-1.942296,-0.16377385,-53
0.83484375,-1.9484596,-0.16558541,-53
0.83867925,-1.9547845,-0.16718473,-53
0.8417567,-1.959631,-0.16822985,-53
0.8472749,-1.9677943,-0.16965033,-53
0.85192454,-1.9739915,-0.17051455,-53
0.85564554,-1.9785966,-0.17106323,-54
0.8609438,-1.9845717,-0.17165986,-54
0.86710083,-1.9907373,-0.17214616,-54
0.87408185,-1.996934,-0.1724979,-54
0.881787,-2.0030859,-0.17280383,-54
0.8896102,-2.0087676,-0.17315765,-54
0.8984977,-2.0147753,-0.17372857,-54
0.9053485,-2.0193279,-0.17434137,-54
0.90986043,-2.0224,-0.17484379,-54
0.9158637,-2.0265586,-0.17559287,-54
0.92177546,-2.0306284,-0.17637293,-54
0.9273613,-2.0343845,-0.1771225,-54
0.9313867,-2.037046,-0.17763406,-54
0.9374322,-2.0410511,-0.17835061,-54
0.9408862,-2.043447,-0.17872265,-54
0.9465272,-2.0476787,-0.17925565,-54
0.9513167,-2.0516117,-0.17966625,-54
0.95598114,-2.0556571,-0.18001927,-54
0.9602481,-2.0594974,-0.180248,-54
0.96437335,-2.063307,-0.180399,-54
0.9684987,-2.0671606,-0.18043642,-54
0.97265977,-2.071137,-0.18035297,-54
0.9757738,-2.0742097,-0.18025021,-54
0.9808909,-2.0794053,-0.18004327,-54
0.9850041,-2.0836122,-0.17984022,-54
0.9881469,-2.08676,-0.1796758,-54
0.99243706,-2.0909274,-0.17945878,-53
0.996989,-2.0951633,-0.17923677,-54
1.0013838,-2.0990996,-0.17906244,-54
1.0067052,-2.1038496,-0.178995,-53
1.0101658,-2.1069975,-0.17903385,-53
1.0145744,-2.1111574,-0.17917013,-53
1.0187222,-2.1152196,-0.17939115,-53
1.0223516,-2.1188157,-0.17962408,-53
1.0262004,-2.1226068,-0.17981002,-53
1.030018,-2.126307,-0.17996663,-53
1.0336558,-2.1297748,-0.18014105,-53
1.0370612,-2.1330657,-0.18029465,-52
1.0400674,-2.1358576,-0.18039432,-52
1.0428,-2.1383579,-0.18057002,-52
1.0453227,-2.1407046,-0.1808552,-52
1.0476856,-2.1429925,-0.18119466,-52
1.0499763,-2.1452537,-0.1815073,-52
1.052268,-2.147581,-0.18176152,-52
1.0546062,-2.149893,-0.18204385,-52
1.0568846,-2.1521575,-0.1823793,-52
1.0591093,-2.154476,-0.1827118,-52
1.0612652,-2.1569014,-0.18299375,-51
1.0633212,-2.1595418,-0.18332902,-51
1.0652572,-2.1622472,-0.18370025,-51
1.066681,-2.1643593,-0.1839531,-51
1.0690498,-2.1681316,-0.18426631,-51
1.0704321,-2.170552,-0.18444602,-50
1.072774,-2.1751406,-0.1848469,-50
1.0747379,-2.1793087,-0.18525782,-50
1.0763,-2.1827846,-0.18569602,-50
1.0782884,-2.1875582,-0.18646148,-50
1.0801698,-2.192374,-0.18733884,-50
1.0823436,-2.197841,-0.18833506,-49
1.0845442,-2.2032151,-0.18926947,-49
1.0871947,-2.2096002,-0.1902891,-49
1.0887581,-2.2133806,-0.19080216,-49
1.0909376,-2.218646,-0.19133942,-48
1.0932653,-2.2243218,-0.19176672,-48
1.0953997,-2.2295897,-0.19206035,-48
1.0973995,-2.2348535,-0.19224639,-48
1.0992173,-2.2401857,-0.19229367,-47
1.100515,-2.2443388,-0.19223057,-47
0.69648796,-1.7475986,-0.14614968,-45
0.6959403,-1.7459317,-0.14599279,-53
0.69392914,-1.7391193,-0.14541352,-54
0.692149,-1.7322605,-0.14492497,-54
0.69098145,-1.727343,-0.1446212,-54
0.689323,-1.7198379,-0.14417356,-54
0.6879803,-1.7137939,-0.14375797,-54
0.68692964,-1.7091774,-0.14342433,-54
0.6849717,-1.7013272,-0.14284572,-53
0.6836031,-1.6966052,-0.1424634,-54
0.6815776,-1.6903523,-0.14207652,-53
0.67938197,-1.6841439,-0.14175864,-53
0.67714834,-1.6778126,-0.14143656,-53
0.6743576,-1.6689858,-0.14091115,-53
0.67246246,-1.6627456,-0.14038406,-52
0.67014635,-1.6542019,-0.13966282,-52
0.66802317,-1.6455194,-0.13903238,-52
0.66601896,-1.636603,-0.13856821,-52
0.66406405,-1.627257,-0.1382483,-52
0.66218144,-1.6174153,-0.13799334,-51
0.66074747,-1.6091282,-0.13775505,-51
0.65918785,-1.60031,-0.13751157,-50
0.65780777,-1.5932114,-0.13727184,-50
0.65530765,-1.5816988,-0.13677883,-49
0.6531234,-1.5726336,-0.13634385,-48
0.6510775,-1.5644993,-0.13580228,-48
0.64958745,-1.5583103,-0.13532244,-47
0.6472026,-1.5478152,-0.13440984,-47
0.6453912,-1.539465,-0.13356264,-46
0.643643,-1.5313776,-0.13263161,-45
0.6424315,-1.5254189,-0.13191164,-45
0.64100176,-1.5173662,-0.13097838,-44
0.63976747,-1.5090396,-0.13015571,-44
0.6383638,-1.4982215,-0.12947823,-43
0.6371226,-1.4886616,-0.12931296,-43
0.63610697,-1.4813823,-0.12945704,-42
0.6346983,-1.4715933,-0.13002239,-42
0.6332371,-1.4616393,-0.13097334,-41
0.6317307,-1.4514736,-0.13215809,-41
0.6301688,-1.4410535,-0.13350247,-41
0.6285662,-1.4304656,-0.13490412,-40
0.6272067,-1.4209412,-0.13595638,-39
0.62600774,-1.4117031,-0.13649863,-39
0.6249111,-1.4027715,-0.13631648,-39
0.62379354,-1.3944178,-0.13540132,-39
0.62248576,-1.3854215,-0.13364123,-38
0.62093,-1.3770206,-0.13125464,-38
0.61902094,-1.3689461,-0.12849805,-38
0.61683935,-1.3616024,-0.12580407,-37
0.6144526,-1.3550591,-0.12337565,-37
0.6118438,-1.3489792,-0.12120901,-37
0.6088897,-1.3428456,-0.11928941,-37
0.605238,-1.3360063,-0.11757883,-36
0.60119796,-1.329128,-0.11630017,-36
0.5965281,-1.3218806,-0.11538948,-36
0.59283626,-1.3164618,-0.114927255,-36
0.5870805,-1.308259,-0.11442877,-35
0.58249325,-1.3017737,-0.11410173,-35
0.5790479,-1.2968824,-0.11387616,-35
0.57454765,-1.290377,-0.11354499,-35
0.56975514,-1.2830325,-0.11311823,-34
0.56492263,-1.275575,-0.11262489,-34
0.55989665,-1.2680693,-0.1120691,-34
0.55367565,-1.2595272,-0.111390464,-34
0.5500933,-1.255196,-0.111082755,-33
0.5451237,-1.2495804,-0.110542476,-33
0.54009455,-1.2440478,-0.109848574,-33
0.5349685,-1.2383188,-0.1091866,-33
0.52948684,-1.2322869,-0.10872954,-33
0.5235943,-1.2261949,-0.10849958,-33
0.5174439,-1.2202873,-0.10844267,-33
0.5113297,-1.2144015,-0.108285874,-32
0.50528413,-1.208271,-0.10793698,-32
0.499291,-1.2018584,-0.10734608,-32
0.49336776,-1.1953977,-0.10659998,-32
0.48746902,-1.1890565,-0.10581323,-32
0.4814618,-1.1826918,-0.10504882,-31
0.47532812,-1.1762153,-0.10432014,-31
0.4690949,-1.1695714,-0.10369741,-31
0.46278107,-1.1627309,-0.10327919,-31
0.45644102,-1.1556914,-0.10300794,-31
0.45014518,-1.1485337,-0.10282012,-31
0.4440152,-1.141325,-0.1026215,-31
0.4395626,-1.135844,-0.10242118,-32
0.43239865,-1.126585,-0.10195961,-32
0.42824236,-1.1210763,-0.10163122,-32
0.4227993,-1.1139237,-0.10112755,-32
0.41746888,-1.1071827,-0.10057343,-31
0.41206753,-1.1004947,-0.09995986,-31
0.4066467,-1.093633,-0.099275455,-31
0.40175828,-1.0869768,-0.0985414,-31
0.39727232,-1.080384,-0.09775188,-31
0.39305446,-1.0738661,-0.096967585,-31
0.38909557,-1.0674849,-0.09625999,-31
0.38561973,-1.0614676,-0.09565818,-32
0.38218373,-1.054871,-0.09521366,-32
0.3790557,-1.048056,-0.095078945,-33
0.3762501,-1.0411472,-0.09523371,-33
0.3737172,-1.0341929,-0.09558627,-33
0.3715299,-1.0277151,-0.09598479,-33
0.36947644,-1.0212445,-0.096308306,-33
0.36761543,-1.015093,-0.09640334,-33
0.36593378,-1.0092343,-0.096232034,-33
0.36438417,-1.0034366,-0.0958109,-33
0.36296692,-0.9974939,-0.09520335,-33
0.36171186,-0.99158466,-0.094574325,-33
0.36034578,-0.9843374,-0.093941666,-33
0.35902458,-0.9765959,-0.0934889,-34
0.35775876,-0.9684342,-0.09326672,-35
0.35649845,-0.95974404,-0.09330487,-35
0.35550413,-0.95270234,-0.09352519,-35
0.3542685,-0.9430469,-0.09398939,-35
0.35322857,-0.9331715,-0.09465705,-35
0.35221657,-0.92046106,-0.09578757,-35
0.35173175,-0.9125964,-0.09656418,-35
0.35129172,-0.90277517,-0.09754311,-35
0.3510984,-0.89272225,-0.09850294,-36
0.35110462,-0.8822101,-0.09944339,-36
0.35119256,-0.8714469,-0.10033854,-36
0.35129738,-0.8610409,-0.10113408,-37
0.35139522,-0.8502618,-0.10188465,-37
0.3514916,-0.8394418,-0.10251381,-38
0.35159403,-0.8286365,-0.10300507,-38
0.35167992,-0.8178429,-0.10338498,-38
0.35171568,-0.8077952,-0.10368294,-38
0.3516255,-0.79795927,-0.103945814,-39
0.35145956,-0.7876373,-0.10418915,-39
0.35126618,-0.77667224,-0.10441861,-39
0.35101488,-0.7653765,-0.104604654,-39
0.35055906,-0.7524232,-0.10477329,-39
0.34991175,-0.73918724,-0.10475346,-40
0.34921455,-0.727626,-0.10439844,-40
0.3484932,-0.71654004,-0.10363439,-41
0.34776783,-0.70557874,-0.102529414,-41
0.34692064,-0.6942373,-0.10119175,-42
0.3459384,-0.6821449,-0.099679,-42
0.345008,-0.6710529,-0.09827575,-42
0.34398773,-0.66053694,-0.0969938,-43
0.34273124,-0.65032053,-0.09584338,-43
0.34112963,-0.640218,-0.094917834,-43
0.33960998,-0.63251907,-0.094451144,-43
0.33720914,-0.62243664,-0.09415243,-43
0.3344282,-0.61261564,-0.09412929,-43
0.3313853,-0.6034136,-0.094256856,-43
0.32776186,-0.594198,-0.094403215,-44
0.32382733,-0.58538073,-0.094446264,-44
0.31998792,-0.5776066,-0.094323784,-44
0.31592607,-0.5700005,-0.094015986,-44
0.31166166,-0.56240445,-0.09353752,-44
0.30747262,-0.5550734,-0.092987075,-44
0.30345225,-0.5480743,-0.09245397,-44
0.29906258,-0.54032886,-0.091985084,-44
0.2943772,-0.53193533,-0.091717735,-45
0.2896757,-0.5233766,-0.09171718,-45
0.28535515,-0.515145,-0.09187976,-45
0.28171602,-0.50766087,-0.09214554,-45
0.27818975,-0.4999387,-0.09255106,-45
0.2744535,-0.49140453,-0.09308656,-45
0.27171355,-0.48497725,-0.09350953,-45
0.26761004,-0.47509947,-0.09414017,-45
0.26462275,-0.46771622,-0.094490446,-45
0.26182476,-0.46040544,-0.094635755,-45
0.25919166,-0.45303157,-0.09459741,-45
0.2573007,-0.44748944,-0.09448145,-46
0.25424412,-0.43796927,-0.09415136,-46
0.25200722,-0.43079764,-0.09377577,-46
0.25015444,-0.4249696,-0.09340484,-46
0.24680318,-0.41463336,-0.092681356,-46
0.24463369,-0.40804905,-0.09228078,-46
0.24092944,-0.39745525,-0.09191513,-46
0.23768458,-0.3889401,-0.09190897,-46
0.23483655,-0.38182008,-0.092065565,-46
0.23072056,-0.37208682,-0.09250749,-47
0.22647835,-0.36272454,-0.09316245,-47
0.2223407,-0.3538838,-0.09384887,-46
0.21794333,-0.3443615,-0.094655514,-47
0.21419561,-0.3355788,-0.09542015,-47
0.21083564,-0.3263491,-0.09624766,-47
0.20788419,-0.31645086,-0.09733314,-47
0.20552976,-0.30659515,-0.09864658,-47
0.20390095,-0.29725108,-0.10006434,-47
0.20271859,-0.28701392,-0.10170293,-48
0.20209494,-0.2768468,-0.103297204,-48
0.20217818,-0.26726076,-0.10460732,-48
0.20257464,-0.25814342,-0.10540242,-48
0.20328751,-0.24950723,-0.10570297,-48
0.2041678,-0.24126394,-0.10552917,-49
0.20486492,-0.2353626,-0.105159275,-49
0.20589137,-0.22630982,-0.10413061,-49
0.20653002,-0.21989186,-0.10290695,-50
0.20695238,-0.21551669,-0.10170051,-50
0.20745969,-0.21020673,-0.099692024,-50
0.20789996,-0.20426609,-0.096638806,-50
0.20807004,-0.2000662,-0.09398174,-51
0.20809835,-0.1972587,-0.09205964,-51
0.207979,-0.19376715,-0.08973057,-51
0.2077085,-0.19027668,-0.087790065,-51
0.20739631,-0.18661907,-0.086295635,-52
0.20719081,-0.18278287,-0.085169956,-52
0.20719308,-0.1788272,-0.08429039,-52
0.20727561,-0.17459834,-0.08352526,-52
0.20744169,-0.17005512,-0.082872204,-52
0.20766714,-0.1652531,-0.08231758,-52
0.20789564,-0.16016941,-0.08184263,-53
0.20809755,-0.15489422,-0.08138463,-53
0.20832257,-0.14933543,-0.08095874,-53
0.20849332,-0.14337175,-0.080644734,-53
0.20859976,-0.137112,-0.08048748,-53
0.2086767,-0.13058676,-0.08050771,-53
0.20872423,-0.123617694,-0.08061227,-53
0.20891228,-0.11636312,-0.08057934,-53
0.20940201,-0.109295696,-0.080170736,-53
0.20999558,-0.10433461,-0.079539694,-53
0.21104306,-0.09796576,-0.07835306,-53
0.21253519,-0.08959493,-0.07693066,-52
0.21366943,-0.08136906,-0.07622202,-52
0.21471329,-0.07188067,-0.07601734,-52
0.21534419,-0.06449175,-0.076153345,-52
0.21586797,-0.0547232,-0.07657134,-52
0.21606797,-0.045759864,-0.07709342,-52
0.21608402,-0.036831655,-0.07769627,-51
0.21594614,-0.027693808,-0.07834128,-51
0.2156483,-0.018988328,-0.07885428,-51
0.21531785,-0.010622165,-0.07910468,-50
0.21487916,-3.9567007E-4,-0.0791056,-50
0.21459775,0.0055300323,-0.079022415,-49
0.21409015,0.013986754,-0.07895146,-49
0.21339564,0.023410246,-0.079138905,-48
0.21268491,0.033067226,-0.07975679,-48
0.21196955,0.042486526,-0.08073321,-47
0.21132164,0.051034767,-0.08188298,-47
0.21078771,0.060231768,-0.083186954,-46
0.21044748,0.06935763,-0.08443149,-46
0.21034099,0.078181624,-0.085462354,-45
0.2104004,0.08652925,-0.08623802,-45
0.21046692,0.094394885,-0.0867919,-44
0.21048571,0.10227093,-0.087165974,-44
0.21048467,0.11025271,-0.08743883,-43
0.21045007,0.11805333,-0.087629184,-43
0.21026868,0.12594897,-0.08780288,-43
0.20970614,0.13409264,-0.0881043,-42
0.20863602,0.14196642,-0.08853408,-42
0.2076221,0.147686,-0.08883299,-42
0.20622444,0.15479988,-0.0891266,-41
0.20467639,0.16240631,-0.08922117,-41
0.20357414,0.16851701,-0.0891135,-41
0.202845,0.17315564,-0.088985644,-40
0.20182204,0.18025218,-0.088826984,-40
0.20092922,0.1873808,-0.08871654,-40
0.2001804,0.19518544,-0.08853176,-40
0.19962652,0.20344292,-0.088252336,-39
0.19920583,0.21159194,-0.08789292,-39
0.19868451,0.21916722,-0.08756161,-39
0.1976898,0.22695413,-0.08738967,-39
0.19616732,0.23448163,-0.08743578,-39
0.19429326,0.2418079,-0.08759071,-38
0.19226976,0.24863765,-0.08776871,-38
0.18993734,0.25550872,-0.0880592,-38
0.18720211,0.26222694,-0.08868774,-38
0.18400913,0.268571,-0.08978957,-38
0.1804562,0.27452767,-0.09111946,-37
0.17678559,0.28008148,-0.092377365,-37
0.17328304,0.28541136,-0.09337424,-37
0.17045301,0.29003182,-0.093972504,-37
0.16766334,0.29478142,-0.094406396,-37
0.1645676,0.2996297,-0.094796866,-36
0.16097943,0.30455247,-0.09516599,-36
0.1581694,0.3080256,-0.09535729,-36
0.15298785,0.3139372,-0.095532686,-36
0.14788947,0.31932357,-0.09565004,-36
0.14370824,0.32343253,-0.09579258,-36
0.13601732,0.3302444,-0.096354246,-36
0.13096118,0.33416188,-0.09690461,-35
0.12182468,0.34054652,-0.09798194,-35
0.11631351,0.34413177,-0.098577246,-35
0.10819138,0.34946164,-0.09917217,-35
0.103598155,0.3525367,-0.0992031,-34
0.097629495,0.35627052,-0.09886732,-34
0.0915706,0.3596046,-0.098254494,-34
0.08519594,0.36266044,-0.09754973,-34
0.07855696,0.36534756,-0.096831106,-34
0.07168306,0.36747178,-0.09612116,-34
0.064359084,0.3692305,-0.095283315,-34
0.057171967,0.37083074,-0.09425272,-34
0.049532596,0.37231404,-0.09298165,-34
0.041830476,0.37343022,-0.09161244,-34
0.033763073,0.3743322,-0.09032308,-34
0.026023217,0.37506968,-0.08917248,-34
0.019052247,0.37559205,-0.0880051,-34
0.011974405,0.37609497,-0.08661683,-34
0.004131648,0.3767764,-0.08505496,-34
-0.0035399364,0.3773701,-0.08358865,-34
-0.011167981,0.37773177,-0.082447015,-34
-0.018887915,0.37815833,-0.08186616,-34
-0.026785359,0.37875053,-0.08182967,-34
-0.034739967,0.37918964,-0.08210272,-35
-0.042649657,0.3793479,-0.08250434,-35
-0.050566737,0.3795846,-0.083010145,-35
-0.05849598,0.37980613,-0.083471015,-35
-0.06434933,0.37973103,-0.083670214,-36
-0.072053194,0.37945586,-0.083722025,-36
-0.081815936,0.37914377,-0.08363672,-35
-0.08916925,0.37872237,-0.08349685,-35
-0.09645034,0.37798586,-0.08329296,-36
-0.10237493,0.37740403,-0.083153576,-36
-0.1098955,0.376665,-0.08303843,-36
-0.116841376,0.3756757,-0.08293173,-36
-0.12354416,0.37430254,-0.082774095,-37
-0.13017939,0.3727569,-0.08258747,-37
-0.13638994,0.37120822,-0.08235503,-37
-0.14247847,0.36947665,-0.08209327,-37
-0.14907286,0.3674522,-0.081924655,-38
-0.15580814,0.3652611,-0.08200668,-38
-0.16175985,0.36304173,-0.08220201,-38
-0.16711569,0.36080512,-0.08240232,-38
-0.17283039,0.3583961,-0.08261246,-38
-0.17778048,0.35639054,-0.08269694,-38
-0.18220314,0.35465375,-0.08257545,-38
-0.18625054,0.3531661,-0.08223127,-38
-0.18988974,0.351942,-0.081695706,-39
-0.19312474,0.35108513,-0.081070185,-40
-0.19605848,0.35064492,-0.08051609,-40
-0.1986602,0.35047677,-0.08015385,-40
-0.2031219,0.3503051,-0.079983674,-40
-0.20688082,0.35015643,-0.0803019,-40
-0.20976149,0.3500464,-0.080762684,-40
-0.21463954,0.34975007,-0.08179396,-40
-0.21849942,0.34929025,-0.08278082,-40
-0.22220036,0.34851074,-0.08374918,-40
-0.22485283,0.34769765,-0.0843631,-41
-0.228696,0.34597176,-0.08500263,-41
-0.23047929,0.34495652,-0.085137874,-41
-0.23222436,0.34379655,-0.08510976,-42
-0.23339006,0.34286085,-0.08499881,-42
-0.23521043,0.3411197,-0.08482559,-42
-0.23673621,0.33979475,-0.08478246,-42
-0.23833418,0.33868262,-0.084790885,-42
-0.24039194,0.33760235,-0.08481962,-42
-0.24267605,0.336802,-0.08486967,-42
-0.24533038,0.33597192,-0.08482917,-43
-0.24837792,0.33515456,-0.08482653,-43
-0.25180686,0.33420756,-0.08476449,-43
-0.25541055,0.33309996,-0.08453575,-43
-0.2589932,0.3319651,-0.08412127,-43
-0.26252288,0.33087003,-0.0836151,-43
-0.266094,0.32962227,-0.08312353,-43
-0.26970303,0.3280432,-0.08276511,-43
-0.27241385,0.32659358,-0.08258558,-43
-0.27560642,0.32445154,-0.08242126,-43
-0.27893892,0.32141426,-0.082338646,-43
-0.28076044,0.3192304,-0.082352854,-43
-0.28297156,0.31590393,-0.082462765,-43
-0.2849393,0.31216714,-0.08270212,-43
-0.28703985,0.3069867,-0.08324533,-43
-0.2881179,0.30368426,-0.08372928,-43
-0.28970984,0.29803255,-0.08475675,-43
-0.2904832,0.29459053,-0.08540929,-44
-0.29123357,0.28997606,-0.0862213,-44
-0.29169315,0.28541946,-0.08693049,-44
-0.29206225,0.28094092,-0.08750547,-44
-0.2922945,0.27649596,-0.08805635,-44
-0.2924722,0.27193257,-0.08865214,-44
-0.29260543,0.26684302,-0.089358285,-44
-0.29270917,0.26090065,-0.090262555,-44
-0.2927856,0.25485513,-0.091294125,-44
-0.29276,0.2487928,-0.092443764,-44
-0.29259184,0.24263479,-0.093725465,-44
-0.29237074,0.23809128,-0.094727054,-44
-0.29192135,0.23233265,-0.0959924,-45
-0.29098392,0.22532159,-0.09733376,-45
-0.28989473,0.21979728,-0.09812786,-45
-0.28858417,0.21446204,-0.09862932,-45
-0.28702933,0.20911701,-0.09879751,-45
-0.28519535,0.20383413,-0.098610535,-45
-0.28304774,0.19868341,-0.098174036,-45
-0.28066856,0.19369355,-0.09761607,-45
-0.2780206,0.18871967,-0.09697866,-45
-0.27512392,0.1837004,-0.09636335,-45
-0.27215764,0.17865613,-0.09588115,-45
-0.269282,0.17347942,-0.09553343,-45
-0.2665576,0.16805834,-0.09527118,-45
-0.2639589,0.16241136,-0.09504131,-46
-0.26127818,0.15626553,-0.09478716,-46
-0.2586318,0.1502378,-0.094478875,-46
-0.25666216,0.14592919,-0.09419105,-46
-0.25320727,0.13870685,-0.09362933,-46
-0.24999598,0.13217509,-0.093189016,-46
-0.24745625,0.12702128,-0.09294372,-46
-0.24406451,0.12013921,-0.092740335,-46
-0.24055524,0.112965785,-0.09269258,-46
-0.23699203,0.105563685,-0.092796475,-46
-0.23330064,0.09776909,-0.0930755,-46
-0.22955906,0.08958886,-0.09362645,-46
-0.22588654,0.081060246,-0.09454914,-46
-0.22232431,0.07226081,-0.095802814,-46
-0.21880102,0.0633034,-0.09727799,-46
-0.21540271,0.05455377,-0.098804325,-47
-0.212167,0.046509992,-0.100197814,-47
-0.20955303,0.040291097,-0.10124112,-47
-0.2048903,0.029587919,-0.10293794,-47
-0.20162223,0.02239221,-0.103900075,-47
-0.19838013,0.015582154,-0.10453995,-47
-0.1951173,0.008941733,-0.10490174,-47
-0.19165021,0.0017536394,-0.10507978,-47
-0.18833548,-0.0055099614,-0.105166905,-47
-0.18553878,-0.012123761,-0.105205595,-47
-0.18314415,-0.018281836,-0.10515276,-47
-0.18096767,-0.02415483,-0.10500528,-47
-0.17940561,-0.028595185,-0.10480743,-47
-0.17699264,-0.03596555,-0.10428763,-48
-0.17575105,-0.04013887,-0.103864394,-48
-0.17390603,-0.04687877,-0.10294268,-48
-0.17284775,-0.05086421,-0.10217677,-48
-0.17142288,-0.056234457,-0.10083872,-47
-0.16997008,-0.061726198,-0.09911009,-48
-0.16853568,-0.06722814,-0.097078376,-48
-0.16711563,-0.072674915,-0.09483666,-47
-0.16565728,-0.07806366,-0.09247508,-47
-0.16412428,-0.08325552,-0.09011379,-47
-0.16249877,-0.08814286,-0.08781016,-47
-0.1607646,-0.09277564,-0.0855758,-47
-0.15942225,-0.09614205,-0.08396776,-47
-0.1571332,-0.101635896,-0.08143165,-47
-0.15502138,-0.10652354,-0.07935247,-47
-0.15285063,-0.1113313,-0.07751269,-47
-0.15062574,-0.11605368,-0.075961255,-47
-0.14842983,-0.12070328,-0.07474238,-47
-0.1463572,-0.12528165,-0.073863536,-47
-0.14434826,-0.12990443,-0.07338429,-47
-0.14249218,-0.1346142,-0.0733302,-47
-0.14075892,-0.13941452,-0.0736154,-47
-0.13901584,-0.14416626,-0.074152716,-47
-0.13719542,-0.14872718,-0.07488306,-47
-0.13525023,-0.15308289,-0.0757192,-47
-0.13377504,-0.1562692,-0.07639587,-47
-0.13151176,-0.16160816,-0.0775995,-47
-0.13029388,-0.16492818,-0.07840062,-47
-0.1288881,-0.16954356,-0.07961103,-47
-0.12782034,-0.17436507,-0.08100434,-47
-0.12703885,-0.18067399,-0.08311411,-47
-0.12684725,-0.18461972,-0.084579654,-47
-0.12692447,-0.19012524,-0.08676761,-47
-0.12732928,-0.19597083,-0.089109674,-47
-0.12795858,-0.20216355,-0.09156337,-47
-0.12879476,-0.20855239,-0.094159976,-46
-0.12979622,-0.21516807,-0.09673795,-46
-0.13083099,-0.22209029,-0.09918579,-46
-0.13193204,-0.22919579,-0.1014582,-46
-0.13311537,-0.23643269,-0.10352378,-46
-0.13427605,-0.24383174,-0.10532141,-46
-0.1353339,-0.25132903,-0.10678767,-46
-0.13624978,-0.258688,-0.10793619,-46
-0.136871,-0.26388326,-0.108599514,-46
-0.13777396,-0.2715413,-0.109366186,-46
-0.13839181,-0.2767203,-0.10981913,-46
-0.13973291,-0.28592733,-0.11080894,-46
-0.14079955,-0.29159695,-0.11160064,-45
-0.1424765,-0.2993194,-0.11285228,-45
-0.14468303,-0.30868846,-0.11456587,-45
-0.14617208,-0.3145899,-0.115819424,-45
-0.14832446,-0.32271358,-0.117811814,-45
-0.15050493,-0.3306717,-0.12010489,-44
-0.15296313,-0.33991954,-0.12309718,-44
-0.1542403,-0.34507704,-0.124836214,-44
-0.15580669,-0.35149127,-0.12699485,-44
-0.15768796,-0.3586864,-0.12924278,-44
-0.15878445,-0.36271578,-0.13031156,-43
-0.16028857,-0.36805156,-0.13144828,-43
-0.1618918,-0.37339061,-0.13221392,-43
-0.16357574,-0.3787638,-0.13253109,-43
-0.16530564,-0.3841248,-0.1323683,-43
-0.16699485,-0.38943046,-0.13164209,-43
-0.16841103,-0.3946207,-0.13031217,-43
-0.16935475,-0.3995076,-0.12844741,-42
-0.16988605,-0.40399632,-0.12623966,-42
-0.17013253,-0.40825483,-0.12395766,-42
-0.17018543,-0.4123975,-0.12180021,-42
-0.1701472,-0.4163376,-0.11995646,-42
-0.17008731,-0.42007768,-0.118534505,-42
-0.17003685,-0.42368716,-0.11762283,-42
-0.17007822,-0.42765555,-0.117214166,-42
-0.17029075,-0.43183872,-0.11741558,-42
-0.17069049,-0.43603465,-0.118164845,-41
-0.17112656,-0.44045317,-0.11922546,-41
-0.17138524,-0.44512668,-0.1203268,-41
-0.17125407,-0.45003933,-0.12126321,-41
-0.17093162,-0.45353195,-0.12175141,-41
-0.17008665,-0.45911422,-0.122256316,-41
-0.16938478,-0.462636,-0.12248272,-41
-0.16821232,-0.4674246,-0.12277146,-41
-0.16672583,-0.4721883,-0.12308557,-41
-0.16448264,-0.47816107,-0.12359731,-40
-0.16298552,-0.4817668,-0.12401399,-40
-0.16085984,-0.48665163,-0.1247319,-40
-0.15843825,-0.49208763,-0.12578578,-40
-0.15567605,-0.49824846,-0.12735923,-40
-0.15287632,-0.50421906,-0.12927611,-40
-0.15006398,-0.5095361,-0.1312831,-40
-0.1470206,-0.5148104,-0.13357058,-39
-0.14419591,-0.5203226,-0.13619234,-40
-0.14188324,-0.52602655,-0.13874418,-39
-0.13988942,-0.5317397,-0.14094903,-39
-0.13774155,-0.5375171,-0.14286996,-39
-0.13529806,-0.543013,-0.14442214,-39
-0.13230038,-0.54877365,-0.14560282,-39
-0.12939392,-0.55399776,-0.14629582,-38
-0.12650844,-0.5590787,-0.14669158,-39
-0.1234878,-0.56433314,-0.14690048,-39
-0.120463766,-0.5697177,-0.14700802,-39
-0.11759068,-0.5751765,-0.1470333,-39
-0.114821896,-0.5809037,-0.14694744,-38
-0.11221505,-0.5867379,-0.14673397,-38
-0.110346,-0.5911395,-0.14649875,-38
-0.107364535,-0.5985057,-0.14597352,-38
-0.10569285,-0.60286504,-0.14556223,-38
-0.10365087,-0.60838073,-0.144872,-38
-0.101717286,-0.6138017,-0.14397836,-38
-0.10029026,-0.6178494,-0.14316604,-38
-0.09749318,-0.6262036,-0.14120892,-37
-0.09611365,-0.6309153,-0.14007305,-38
-0.0944845,-0.63722956,-0.13861805,-38
-0.09312925,-0.64353114,-0.137355,-38
-0.09235588,-0.6481892,-0.13662146,-38
-0.09151737,-0.6558986,-0.13586758,-38
-0.09115143,-0.662061,-0.1356055,-38
-0.09099921,-0.6681803,-0.13551992,-38
-0.09097481,-0.67418313,-0.13544774,-38
-0.09095587,-0.6801277,-0.13532014,-38
-0.09093357,-0.6860734,-0.13512051,-37
-0.090941384,-0.6920807,-0.13489029,-37
-0.09100208,-0.698171,-0.13467406,-37
-0.090989634,-0.70269054,-0.13454501,-37
-0.090625905,-0.7096672,-0.13446689,-38
-0.090137914,-0.7145371,-0.1346551,-38
-0.089620456,-0.7192146,-0.13509509,-38
-0.08912098,-0.7242721,-0.13576809,-38
-0.08887324,-0.7283769,-0.13644718,-38
-0.0887865,-0.73415685,-0.1375449,-38
-0.0888502,-0.7402642,-0.13868804,-38
-0.08879439,-0.74838626,-0.13992885,-38
-0.08861812,-0.7533961,-0.14053646,-38
-0.0882875,-0.75975794,-0.1411833,-37
-0.087889485,-0.7657087,-0.1416476,-38
-0.0872712,-0.77353394,-0.14200121,-38
-0.08667826,-0.77939594,-0.14208476,-38
-0.08591892,-0.7869164,-0.1420265,-38
-0.08513506,-0.7952266,-0.14181496,-38
-0.0843124,-0.80417025,-0.14141583,-38
-0.08340661,-0.8137052,-0.1408439,-38
-0.08237835,-0.82315904,-0.14024195,-38
-0.08107838,-0.83316666,-0.13959303,-38
-0.079659835,-0.84337294,-0.13908975,-38
-0.078271054,-0.85384184,-0.13891555,-38
-0.07691665,-0.86459327,-0.13914323,-38
-0.075682156,-0.87513703,-0.13979205,-38
-0.074517556,-0.8856114,-0.14087078,-38
-0.073262714,-0.89613295,-0.14226282,-38
-0.07189256,-0.90648526,-0.14384179,-38
-0.0703741,-0.9165393,-0.14550304,-39
-0.068824075,-0.9260995,-0.14720376,-39
-0.06780251,-0.9327884,-0.1484819,-39
-0.06616946,-0.9444195,-0.15071861,-39
-0.06495261,-0.9533681,-0.1522889,-39
-0.06379268,-0.9621126,-0.15357432,-39
-0.0627262,-0.9706748,-0.15450828,-39
-0.061977096,-0.9771559,-0.1550168,-39
-0.06106459,-0.98589534,-0.1555401,-39
-0.060083684,-0.99651164,-0.15602571,-39
-0.059299204,-1.0044298,-0.15619896,-39
-0.05860645,-1.0107943,-0.15613712,-40
-0.057718925,-1.0186083,-0.15581952,-40
-0.056913976,-1.0260972,-0.1552709,-40
-0.056228653,-1.0334685,-0.15449451,-40
-0.055620644,-1.0407455,-0.1535272,-41
-0.05506622,-1.0476958,-0.15242818,-41
-0.05447546,-1.0543181,-0.15117651,-41
-0.053795304,-1.0608512,-0.14973955,-41
-0.05299326,-1.0675845,-0.14813259,-41
-0.052104007,-1.0745305,-0.14642307,-41
-0.051119342,-1.0816576,-0.1447369,-41
-0.049937487,-1.0890547,-0.14316891,-41
-0.048488066,-1.0965719,-0.14178881,-41
-0.04681219,-1.1042923,-0.14068156,-41
-0.045014214,-1.1123073,-0.13994402,-41
-0.04298091,-1.1205599,-0.13955168,-41
-0.04041611,-1.1291023,-0.13939811,-41
-0.037562292,-1.1372088,-0.13944656,-41
-0.034322694,-1.1451968,-0.13965084,-41
-0.03070291,-1.1532028,-0.13996427,-42
-0.026955161,-1.1610018,-0.14032301,-42
-0.023389997,-1.1683024,-0.14060652,-42
-0.019412108,-1.1764215,-0.14075446,-42
-0.016249567,-1.1826599,-0.14075024,-42
-0.010643386,-1.1932613,-0.14065091,-42
-0.007473268,-1.1992055,-0.14061595,-42
-0.003166635,-1.2075065,-0.1406551,-42
0.001117714,-1.2161667,-0.14080822,-42
0.0051237154,-1.2247,-0.14101774,-42
0.009912864,-1.2349938,-0.141102,-42
0.013168082,-1.2418722,-0.14102449,-42
0.01709208,-1.2497935,-0.14070877,-42
0.021114934,-1.257427,-0.14016162,-42
0.025277521,-1.2650223,-0.13945124,-42
0.02952027,-1.2728622,-0.13871627,-43
0.03344558,-1.2808075,-0.13818124,-43
0.03697967,-1.2889626,-0.13789323,-43
0.040350277,-1.2974228,-0.13783687,-43
0.043533113,-1.3056865,-0.13800296,-43
0.04659238,-1.3136989,-0.13832937,-43
0.0494923,-1.3212045,-0.13873401,-43
0.052097574,-1.3277897,-0.13915496,-43
0.054870445,-1.3347439,-0.13966599,-43
0.05754794,-1.3413725,-0.14016029,-43
0.060188957,-1.3477691,-0.14055192,-43
0.06292087,-1.3541558,-0.14081497,-44
0.065588474,-1.3601338,-0.14087076,-44
0.068244316,-1.3660445,-0.14076345,-44
0.070896864,-1.3720707,-0.14054684,-44
0.07341903,-1.3780242,-0.14020395,-44
0.07576813,-1.3838485,-0.13971819,-44
0.077440105,-1.3882393,-0.1392626,-44
0.079599075,-1.3941307,-0.13849789,-44
0.08171546,-1.4001888,-0.13754417,-44
0.08383414,-1.4067854,-0.13640632,-44
0.086285986,-1.4153241,-0.13484333,-45
0.087472424,-1.4202312,-0.13399059,-45
0.088737056,-1.4269276,-0.13296875,-45
0.08978732,-1.4338132,-0.13198525,-45
0.0908116,-1.4408737,-0.13097167,-45
0.09188984,-1.448176,-0.13012926,-45
0.09282001,-1.4556723,-0.12955226,-46
0.09347868,-1.4634645,-0.12917383,-46
0.093813226,-1.4693714,-0.12896712,-46
0.0940486,-1.479069,-0.12882522,-46
0.09407093,-1.4866233,-0.12890399,-46
0.09401947,-1.4940658,-0.12908709,-46
0.09399335,-1.5016481,-0.12926291,-47
0.093967706,-1.5072525,-0.12932573,-46
0.09392348,-1.5164665,-0.12919183,-47
0.093952335,-1.5241151,-0.1288008,-47
0.0941492,-1.5320292,-0.1280978,-47
0.09460441,-1.5403303,-0.12703381,-48
0.095369905,-1.5492371,-0.12554553,-48
0.09647921,-1.5586562,-0.12374386,-48
0.097934455,-1.5684583,-0.12176203,-48
0.09902404,-1.5751818,-0.12032735,-48
0.10060241,-1.5842868,-0.11836523,-49
0.102784514,-1.5964829,-0.11573765,-49
0.10408332,-1.6038983,-0.11419673,-49
0.106168605,-1.6163971,-0.11171636,-49
0.107466355,-1.6245822,-0.11012456,-49
0.10919091,-1.6353889,-0.10802539,-50
0.11091615,-1.6450707,-0.10612959,-50
0.11286889,-1.6545559,-0.104296975,-50
0.114962794,-1.6635506,-0.102590755,-50
0.117207326,-1.6715657,-0.101006396,-50
0.11985483,-1.6797011,-0.09933282,-51
0.12249244,-1.6879044,-0.0975247,-51
0.1250678,-1.6960719,-0.09567442,-51
0.1275084,-1.7041148,-0.093812436,-51
0.13003065,-1.7128918,-0.09162657,-51
0.13226266,-1.721014,-0.0896023,-51
0.13433464,-1.7291201,-0.08764419,-51
0.13623713,-1.7373375,-0.08574854,-51
0.13801591,-1.7457434,-0.08396103,-51
0.13944404,-1.7529233,-0.08265043,-51
0.1407698,-1.7601095,-0.08163861,-51
0.14210704,-1.767854,-0.08090191,-51
0.14360437,-1.776335,-0.08046784,-51
0.14529793,-1.7848105,-0.08035541,-51
0.1471192,-1.7925302,-0.080567084,-52
0.14880836,-1.799145,-0.08103692,-52
0.1517864,-1.809991,-0.08222227,-52
0.15433039,-1.8185608,-0.08336127,-52
0.15625279,-1.8247446,-0.08427332,-52
0.15874454,-1.8323848,-0.085490845,-52
0.16222267,-1.8426032,-0.08715844,-52
0.1645041,-1.8492419,-0.08824856,-52
0.16765673,-1.8582963,-0.089668386,-52
0.17112274,-1.8676798,-0.091015525,-51
0.17500164,-1.8769253,-0.09231973,-51
0.17927468,-1.8865479,-0.09369535,-51
0.18358018,-1.8961247,-0.095007055,-51
0.18793038,-1.9057791,-0.09618285,-51
0.1923692,-1.9157038,-0.09720551,-51
0.19679347,-1.9257307,-0.09801244,-51
0.2008945,-1.9352705,-0.09850224,-50
0.20489402,-1.9449096,-0.098768905,-50
0.20868611,-1.9545112,-0.09889498,-50
0.21225561,-1.9640474,-0.09889646,-50
0.21568651,-1.9735227,-0.09878904,-49
0.21899223,-1.9829305,-0.098602876,-49
0.22210799,-1.9922944,-0.098338,-48
0.22506472,-2.0018249,-0.09799371,-48
0.22820303,-2.0123715,-0.09755004,-48
0.23138022,-2.0231488,-0.09714029,-47
0.23447858,-2.0339608,-0.096841276,-47
0.2373095,-2.0446818,-0.0967237,-46
0.23969124,-2.0545459,-0.09688989,-46
0.24182098,-2.0632226,-0.09740342,-45
0.24366657,-2.0702727,-0.09813991,-45
0.24643314,-2.0802238,-0.099674195,-45
0.2490566,-2.089732,-0.10162317,-44
0.2519836,-2.1010628,-0.10430562,-44
0.25349122,-2.106998,-0.10583057,-44
0.25565964,-2.1151972,-0.107891835,-43
0.25809148,-2.124511,-0.110006355,-43
0.26028928,-2.134007,-0.11201881,-43
0.2621108,-2.1436498,-0.114004694,-42
0.26344907,-2.151989,-0.11586667,-42
0.26479366,-2.1603527,-0.11784186,-42
0.266538,-2.1702933,-0.120087154,-41
0.26833543,-2.1804705,-0.122257195,-41
0.2698293,-2.190622,-0.124263786,-41
0.27086687,-2.2000687,-0.12606268,-41
0.27163872,-2.208912,-0.12775096,-40
0.27236032,-2.2181878,-0.1293531,-40
0.27311587,-2.2285433,-0.13090344,-40
0.27373582,-2.238837,-0.13227336,-40
0.27408585,-2.2482328,-0.13342643,-39
0.274043,-2.2566526,-0.13458556,-39
0.27349743,-2.2651153,-0.13613619,-39
0.27256173,-2.2739382,-0.13811198,-39
0.27163884,-2.28308,-0.14001602,-39
0.27142215,-2.2885947,-0.14117354,-38
0.27136937,-2.2994087,-0.14312452,-38
0.27147713,-2.3090618,-0.14504337,-38
0.27170736,-2.3182733,-0.14740837,-38
0.27193344,-2.3275607,-0.14981213,-38
0.27217045,-2.3337467,-0.15109386,-37
0.2724006,-2.3428187,-0.15244599,-37
0.27245212,-2.3519921,-0.15376839,-37
0.27225432,-2.35993,-0.15539947,-37
0.2714786,-2.3672523,-0.15728751,-37
0.27058297,-2.374276,-0.15891317,-37
0.26958913,-2.381137,-0.16008197,-37
0.2693865,-2.3865924,-0.16109334,-37
0.26817805,-2.3926413,-0.16221555,-37
0.26698327,-2.3975654,-0.16367438,-37
0.26597986,-2.401985,-0.16536532,-37
0.26432502,-2.4081135,-0.16625284,-37
0.2625078,-2.4139998,-0.16638722,-37
0.2603253,-2.4194667,-0.16587798,-37
0.25785974,-2.4239223,-0.16495088,-37
0.25515774,-2.4272752,-0.16397946,-37
0.25167227,-2.4311767,-0.16192225,-38
0.24829063,-2.4349873,-0.15965815,-38
0.244974,-2.438755,-0.15728997,-38
0.24163684,-2.4423966,-0.15494469,-38
0.23835245,-2.4458828,-0.15271786,-38
0.23526719,-2.449026,-0.15083519,-39
0.23190382,-2.4525778,-0.14870238,-39
0.22932522,-2.455331,-0.14702177,-39
0.22508368,-2.46005,-0.14440662,-39
0.22182493,-2.4637032,-0.14259395,-39
0.21908431,-2.4663606,-0.14123914,-39
0.21501148,-2.4700172,-0.13938959,-40
0.21089526,-2.4741337,-0.13776146,-41
0.20526397,-2.4806018,-0.13614585,-41
0.20182867,-2.4844222,-0.1354935,-42
0.197032,-2.4892442,-0.13492918,-42
0.19223239,-2.4940033,-0.13481304,-42
0.18760803,-2.4985142,-0.13513091,-43
0.18319163,-2.502308,-0.13545743,-43
0.17865588,-2.5056765,-0.13577464,-43
0.17338856,-2.509287,-0.13659519,-44
0.1681846,-2.5124228,-0.13767748,-44
0.16333835,-2.514699,-0.1384603,-44
0.15846586,-2.5166297,-0.13899864,-45
0.15370888,-2.5185359,-0.13940802,-45
0.1489454,-2.5203466,-0.13967952,-46
0.14400618,-2.5217714,-0.13982344,-46
0.13888064,-2.5227146,-0.13992642,-46
0.13369864,-2.5232365,-0.14001149,-47
0.1284403,-2.523448,-0.13998382,-47
0.12303942,-2.5236874,-0.139702,-48
0.117593184,-2.524155,-0.1391966,-48
0.11223559,-2.5247316,-0.1385425,-48
0.10685954,-2.52518,-0.13773777,-49
0.10283301,-2.5253448,-0.13703378,-49
0.09628073,-2.525184,-0.13582921,-49
0.092528395,-2.5248003,-0.13509007,-50
0.08645914,-2.5235808,-0.13368642,-50
0.081759736,-2.521961,-0.13235524,-50
0.07731491,-2.5197964,-0.13084245,-51
0.074145734,-2.5178168,-0.12959054,-51
0.0701176,-2.5146618,-0.1277207,-51
0.066187404,-2.5107675,-0.1256081,-52
0.06242861,-2.5061252,-0.12332513,-52
0.05893576,-2.5007126,-0.12087813,-52
0.055611223,-2.494648,-0.11840815,-53
0.052435335,-2.4880455,-0.1160298,-53
0.04945138,-2.480962,-0.11383666,-52
0.046668716,-2.4735088,-0.11187241,-53
0.044070438,-2.4657676,-0.11017391,-54
0.041734323,-2.4578874,-0.10872455,-54
0.03958335,-2.4499202,-0.10745983,-54
0.037303638,-2.4412353,-0.106126696,-54
0.034900963,-2.4323196,-0.10471234,-54
0.032486975,-2.423339,-0.10332448,-54
0.030288333,-2.4143894,-0.102019615,-54
0.028210962,-2.4052832,-0.10076875,-54
0.026162025,-2.3959491,-0.09958689,-55
0.024127657,-2.38656,-0.09850823,-55
0.02256106,-2.3793118,-0.097753555,-55
0.020241486,-2.3692763,-0.096803784,-55
0.017517598,-2.358753,-0.09598964,-55
0.014497221,-2.3479075,-0.095388316,-55
0.010055695,-2.3341172,-0.09470668,-55
0.00676132,-2.3255498,-0.09418936,-56
0.00237596,-2.3152237,-0.09348244,-56
-0.0018734431,-2.3056898,-0.092909425,-56
-0.006237763,-2.296203,-0.092612155,-57
-0.010600701,-2.2868047,-0.09271964,-57
-0.014946969,-2.2769508,-0.09338073,-57
-0.018858818,-2.2672298,-0.094501376,-58
-0.022269286,-2.2580595,-0.09581939,-58
-0.025490994,-2.2489476,-0.09717579,-58
-0.028509889,-2.2400007,-0.09835687,-58
-0.03166923,-2.2304251,-0.099231616,-58
-0.034362994,-2.2220073,-0.09951922,-59
-0.036927745,-2.2133994,-0.09928839,-63
-0.039570868,-2.2041292,-0.0985647,-64
-0.042315245,-2.194046,-0.09753,-64
-0.04547834,-2.1822064,-0.09640239,-64
-0.0493517,-2.1701438,-0.09561963,-64
-0.05332208,-2.1578815,-0.09500205,-64
-0.056975417,-2.1457374,-0.09431956,-64
-0.06021354,-2.1340191,-0.09341596,-64
-0.06302203,-2.1221895,-0.09213027,-64
-0.06539282,-2.110683,-0.09068762,-63
-0.067296304,-2.0992117,-0.08921595,-62
-0.06859003,-2.0904367,-0.088157535,-62
-0.07053138,-2.075622,-0.086755835,-60
-0.07151648,-2.067093,-0.0862277,-58
-0.07293188,-2.0550969,-0.085711405,-57
-0.07411358,-2.0432289,-0.085388854,-57
-0.07494736,-2.0314558,-0.085330226,-57
-0.07554205,-2.0197253,-0.08547367,-56
-0.075874634,-2.0085523,-0.08578377,-55
-0.07592353,-1.9976153,-0.08635675,-55
-0.075739354,-1.9834938,-0.08725296,-54
-0.0755679,-1.9750031,-0.08783776,-53
-0.075356,-1.9640964,-0.08857162,-53
-0.075168826,-1.9529727,-0.08925904,-52
-0.07493972,-1.9413565,-0.089936495,-52
-0.07484088,-1.9307157,-0.09045579,-52
-0.075055346,-1.9201268,-0.09086863,-51
-0.07538358,-1.910112,-0.09126295,-51
-0.07575979,-1.8996663,-0.09167448,-50
-0.076352485,-1.8886657,-0.092067845,-50
-0.0771564,-1.8777772,-0.092433535,-50
-0.078115314,-1.8666842,-0.09279727,-49
-0.07909173,-1.8554673,-0.09311593,-49
-0.08015186,-1.8440917,-0.09330796,-49
-0.081420094,-1.8323812,-0.09335109,-48
-0.08234919,-1.8234524,-0.09341142,-48
-0.08391011,-1.8081576,-0.093648806,-48
-0.085297585,-1.7957808,-0.09406325,-47
-0.08648858,-1.7864095,-0.09443723,-47
-0.08822605,-1.7738905,-0.09519793,-47
-0.09019531,-1.7615993,-0.096157186,-47
-0.092305936,-1.7494041,-0.09719232,-46
-0.09451474,-1.7371919,-0.098319255,-46
-0.09765441,-1.7220569,-0.09976018,-46
-0.09987066,-1.7130069,-0.100518785,-46
-0.10301534,-1.7009847,-0.10143325,-46
-0.10644067,-1.6889771,-0.10211356,-45
-0.110175624,-1.6770966,-0.102427654,-45
-0.11417645,-1.6652825,-0.1022156,-45
-0.118465185,-1.6535261,-0.1015381,-45
-0.122943416,-1.6416674,-0.10056826,-45
-0.12771831,-1.6297421,-0.09948057,-44
-0.13287824,-1.6178623,-0.0983317,-44
-0.13824593,-1.6058257,-0.09711123,-44
-0.14367266,-1.5943235,-0.095876046,-44
-0.14916179,-1.5828791,-0.094352975,-43
-0.15409851,-1.5725473,-0.09266948,-43
-0.15893191,-1.5623949,-0.09085038,-43
-0.16392876,-1.5517457,-0.088899456,-43
-0.16869529,-1.5415176,-0.08697545,-43
-0.17325848,-1.531683,-0.085057154,-43
-0.17764279,-1.5219727,-0.083146475,-43
-0.18211728,-1.5119171,-0.081135556,-42
-0.18695222,-1.5009528,-0.07896638,-42
-0.19076632,-1.49263,-0.0773447,-42
-0.19742571,-1.4788692,-0.07477365,-42
-0.20159152,-1.4706706,-0.073335156,-42
-0.20582938,-1.4626589,-0.072018236,-42
-0.21216486,-1.4510456,-0.07036486,-42
-0.21755193,-1.4414325,-0.06921222,-42
-0.22274394,-1.4323767,-0.06807464,-42
-0.22751726,-1.4241298,-0.06680856,-42
-0.23180619,-1.4165684,-0.065366164,-41
-0.23634708,-1.4082669,-0.06347343,-42
-0.24072213,-1.4000093,-0.06124249,-42
-0.24394865,-1.3935144,-0.059232783,-43
-0.24679404,-1.3871002,-0.057062313,-43
-0.24929354,-1.3807642,-0.054787558,-43
-0.25147378,-1.3745036,-0.052521322,-43
-0.25339597,-1.3681914,-0.050412774,-43
-0.25515524,-1.3616515,-0.04857698,-43
-0.2569663,-1.3548577,-0.04714477,-43
-0.25903028,-1.3477639,-0.046167977,-43
-0.26168576,-1.3393301,-0.045489177,-42
-0.26418355,-1.3313266,-0.04519279,-42
-0.26666754,-1.3230584,-0.045109197,-43
-0.27007326,-1.3141677,-0.045165025,-43
-0.27268636,-1.307393,-0.04543666,-44
-0.27597034,-1.2967572,-0.046005726,-44
-0.27814132,-1.288567,-0.046538677,-44
-0.28074753,-1.2798209,-0.04704367,-44
-0.28305107,-1.2727431,-0.047687676,-44
-0.2862193,-1.262867,-0.048912663,-44
-0.28896475,-1.2509605,-0.050587118,-44
-0.2911255,-1.2434744,-0.0516263,-44
-0.29448274,-1.2330084,-0.053050112,-44
-0.29899713,-1.2192601,-0.054934215,-44
-0.30185226,-1.2106987,-0.0560854,-44
-0.30687448,-1.1959969,-0.058009006,-44
-0.30973533,-1.1843281,-0.059604973,-45
-0.31205815,-1.1753237,-0.06072535,-44
-0.31544426,-1.1629919,-0.062210377,-45
-0.31913698,-1.1504768,-0.0636615,-44
-0.32282767,-1.1380813,-0.065048546,-44
-0.3268678,-1.1258231,-0.0664745,-44
-0.33172056,-1.1125798,-0.068149045,-44
-0.33686888,-1.0989281,-0.06988666,-44
-0.3418898,-1.0855136,-0.07145311,-44
-0.3463314,-1.0730528,-0.072600774,-43
-0.35043004,-1.0612326,-0.07295757,-43
-0.35454434,-1.0495595,-0.0725751,-44
-0.3587201,-1.0374106,-0.07191817,-44
-0.3623301,-1.0251985,-0.07132212,-44
-0.36592865,-1.0126672,-0.070948206,-44
-0.37004805,-0.9989141,-0.07077902,-44
-0.37414524,-0.98567206,-0.07071529,-44
-0.3781666,-0.97295856,-0.07066119,-43
-0.38222867,-0.9605587,-0.07069723,-43
-0.3864948,-0.94835114,-0.070926696,-43
-0.39077336,-0.9369372,-0.07128157,-43
-0.39499834,-0.9261656,-0.071643226,-42
-0.39807114,-0.9184678,-0.071874,-42
-0.40198284,-0.90865403,-0.07208522,-42
-0.4065483,-0.89719737,-0.07218534,-43
-0.4090778,-0.8909022,-0.07217055,-43
-0.4132306,-0.8806203,-0.07219423,-43
-0.41589612,-0.8740854,-0.07228967,-43
-0.4196618,-0.86502594,-0.07254852,-43
-0.42339194,-0.85622996,-0.072982356,-42
-0.42688796,-0.84790105,-0.07344744,-42
-0.43038893,-0.8396754,-0.07383062,-42
-0.43382016,-0.83158064,-0.074022345,-42
-0.43742806,-0.82327497,-0.0740471,-42
-0.44170725,-0.81435776,-0.07403988,-42
-0.44648075,-0.8057206,-0.07408959,-42
-0.45100033,-0.7984204,-0.073999144,-42
-0.45544958,-0.7917078,-0.073630564,-43
-0.45985445,-0.7853667,-0.07294925,-43
-0.46423456,-0.77926993,-0.07195786,-43
-0.46848467,-0.7734113,-0.070654415,-43
-0.472658,-0.7674454,-0.069040954,-43
-0.4757214,-0.76281077,-0.06765031,-43
-0.4808296,-0.75477725,-0.065052964,-43
-0.48487306,-0.7482602,-0.062716655,-43
-0.48883483,-0.7416948,-0.060138945,-44
-0.49174494,-0.73672587,-0.058095835,-44
-0.49561372,-0.72988796,-0.055234723,-44
-0.49951413,-0.7227752,-0.052303836,-44
-0.50347525,-0.7154547,-0.049390912,-45
-0.50738865,-0.70813406,-0.04653592,-45
-0.51220465,-0.69896615,-0.04321369,-45
-0.5151475,-0.693427,-0.041415907,-45
-0.51919377,-0.68599135,-0.03934522,-46
-0.5238534,-0.67764527,-0.03755056,-46
-0.5290875,-0.6683943,-0.03611761,-46
-0.5344519,-0.65910745,-0.035156097,-46
-0.54001075,-0.6497774,-0.034601316,-46
-0.5457111,-0.6404246,-0.034437124,-46
-0.55160105,-0.63095254,-0.034671575,-46
-0.5577866,-0.6214218,-0.035395324,-46
-0.5641862,-0.61188024,-0.036632165,-47
-0.57068735,-0.60244614,-0.03821451,-47
-0.57723707,-0.5932187,-0.039935272,-47
-0.5838384,-0.5842895,-0.041638188,-48
-0.5896322,-0.5764501,-0.042945523,-47
-0.5950125,-0.56894785,-0.04393952,-48
-0.59903437,-0.5632859,-0.04452349,-48
-0.60553885,-0.5540039,-0.045173164,-48
-0.610489,-0.5467706,-0.04548283,-48
-0.6149322,-0.5400667,-0.04574741,-48
-0.619251,-0.5332939,-0.045945745,-48
-0.6235366,-0.52634704,-0.046214167,-48
-0.62788063,-0.51915586,-0.046691615,-48
-0.6311473,-0.5136875,-0.04713356,-48
-0.63531786,-0.5065197,-0.04774219,-49
-0.6401474,-0.4978972,-0.048406877,-49
-0.64297575,-0.4928758,-0.048819665,-49
-0.64774346,-0.48474455,-0.04961488,-49
-0.6504376,-0.47990683,-0.05015338,-49
-0.65379566,-0.47333986,-0.050860487,-49
-0.6568675,-0.4665607,-0.05139197,-49
-0.6596531,-0.45962235,-0.05175943,-49
-0.66239977,-0.45262215,-0.05213376,-49
-0.6649899,-0.44572514,-0.052511536,-49
-0.6672397,-0.43895832,-0.052733883,-49
-0.66938204,-0.43208626,-0.05274957,-49
-0.6715039,-0.42500418,-0.052660372,-49
-0.673646,-0.41779414,-0.052564025,-49
-0.67569554,-0.4105778,-0.052592043,-49
-0.6778698,-0.40327525,-0.052710317,-50
-0.6801003,-0.39593697,-0.05281898,-50
-0.68254167,-0.38835144,-0.052896354,-50
-0.685262,-0.3808753,-0.052959993,-49
-0.68812513,-0.37348536,-0.053064283,-50
-0.69036776,-0.3679011,-0.05319292,-50
-0.69442374,-0.35827532,-0.05352766,-50
-0.697898,-0.3502437,-0.053910214,-50
-0.70149684,-0.34197122,-0.05436943,-50
-0.70507276,-0.33339763,-0.055050954,-50
-0.7078329,-0.32669488,-0.055705097,-50
-0.7115336,-0.31752574,-0.05674965,-50
-0.7151853,-0.30817568,-0.057818267,-50
-0.71952224,-0.29617718,-0.058890946,-50
-0.72191733,-0.28875995,-0.059390213,-50
-0.72508526,-0.2786115,-0.06012877,-50
-0.72835004,-0.26846793,-0.06124642,-50
-0.73164266,-0.2586205,-0.06279915,-50
-0.73482525,-0.24909043,-0.064581685,-50
-0.7377406,-0.23979665,-0.06636812,-50
-0.74051154,-0.23054749,-0.06818497,-50
-0.7431778,-0.22141965,-0.070046075,-50
-0.7451126,-0.21488126,-0.071458325,-50
-0.7482148,-0.20451988,-0.0737176,-50
-0.7504583,-0.1964055,-0.07511626,-50
-0.7524786,-0.18804815,-0.07598407,-50
-0.75422764,-0.17939065,-0.07620476,-50
-0.7557386,-0.17058168,-0.07585508,-50
-0.75724113,-0.16196133,-0.07511174,-50
-0.7587688,-0.15364583,-0.07397184,-50
-0.760329,-0.14552599,-0.07251823,-50
-0.76193,-0.13729814,-0.07082641,-50
-0.7635293,-0.12865074,-0.068885915,-50
-0.7651464,-0.11950868,-0.06675601,-50
-0.7663946,-0.112409495,-0.06513477,-50
-0.7685849,-0.10035238,-0.06271715,-50
-0.7708393,-0.088787675,-0.060940176,-50
-0.7730583,-0.076967806,-0.059634306,-50
-0.77510244,-0.065246835,-0.058656104,-50
-0.776632,-0.055738863,-0.05794658,-50
-0.7783111,-0.042671114,-0.056898173,-50
-0.7799419,-0.025788339,-0.05527216,-50
-0.78077424,-0.01567927,-0.05429199,-50
-0.78208953,3.1747896E-4,-0.053025693,-50
-0.78287977,0.009342273,-0.052451722,-50
-0.78410655,0.021840218,-0.05179514,-50
-0.7855186,0.034685865,-0.05136237,-50
-0.787094,0.046939854,-0.051117636,-50
-0.7887093,0.058298882,-0.05087075,-51
-0.7903784,0.06879618,-0.050566465,-50
-0.79211193,0.078069046,-0.050116528,-51
-0.79371005,0.0872401,-0.04937231,-51
-0.79508364,0.09647685,-0.048436664,-51
-0.7961454,0.105483465,-0.047405884,-51
-0.79705936,0.11394782,-0.04650979,-51
-0.7977178,0.1220178,-0.045828488,-51
-0.7980712,0.12993044,-0.045283347,-50
-0.79811364,0.13800971,-0.04486636,-50
-0.797979,0.14640771,-0.044599276,-51
-0.7979268,0.15481758,-0.04439825,-51
-0.79804295,0.16107579,-0.044302467,-51
-0.7985783,0.17151679,-0.044358995,-51
-0.7991004,0.17770678,-0.044456035,-51
-0.80004436,0.1858408,-0.04457427,-51
-0.8018585,0.1957333,-0.04468111,-51
-0.80384463,0.20331563,-0.044784218,-51
-0.8055314,0.20880423,-0.044869855,-51
-0.80801636,0.21580474,-0.044974864,-51
-0.81158376,0.2241067,-0.045191504,-51
-0.813914,0.22881894,-0.045370303,-51
-0.8173717,0.23449937,-0.045553777,-50
-0.82095987,0.23986317,-0.04563681,-51
-0.8247108,0.24510443,-0.045712896,-50
-0.82875156,0.25026238,-0.04580426,-50
-0.8335913,0.25531834,-0.04593946,-50
-0.8389549,0.25964284,-0.046013106,-50
-0.8443539,0.26324338,-0.04583385,-50
-0.8497614,0.2664186,-0.045482054,-50
-0.8553003,0.26938796,-0.04514032,-50
-0.86103654,0.2720169,-0.04485591,-50
-0.86710036,0.2742254,-0.04468015,-50
-0.87359935,0.2761077,-0.04478805,-49
-0.8804752,0.27753145,-0.04507784,-50
-0.8875073,0.27847362,-0.0452815,-49
-0.8947177,0.2790182,-0.045264106,-49
-0.9002128,0.27938032,-0.04508424,-49
-0.9095815,0.27968144,-0.044744007,-49
-0.91732246,0.2794248,-0.044568475,-48
-0.92512465,0.27853382,-0.04445301,-48
-0.93297356,0.27729356,-0.04434323,-48
-0.93887824,0.276335,-0.044268478,-47
-0.9467091,0.2748586,-0.044247206,-47
-0.95638895,0.27295434,-0.04427157,-47
-0.9620381,0.2718538,-0.044227142,-47
-0.969386,0.27061376,-0.04401176,-46
-0.97677726,0.26947674,-0.043703977,-46
-0.98437196,0.2680862,-0.043387476,-46
-0.9921014,0.26610276,-0.0429114,-46
-0.99964213,0.2634589,-0.04209996,-45
-1.0069289,0.2607302,-0.041020993,-45
-1.014182,0.2583806,-0.039948747,-45
-1.021531,0.25591013,-0.03902563,-45
-1.0290633,0.25286904,-0.038170043,-44
-1.0367168,0.2492872,-0.037229683,-44
-1.0443872,0.24548511,-0.03616146,-44
-1.051917,0.24165876,-0.034979064,-43
-1.0593834,0.23780455,-0.033704117,-43
-1.0649729,0.23485108,-0.032784414,-43
-1.0743744,0.22953084,-0.031506326,-43
-1.0820507,0.22459373,-0.030803138,-42
-1.0899154,0.21892856,-0.030445624,-42
-1.0981473,0.2127407,-0.03051467,-42
-1.1066418,0.2062169,-0.030926678,-42
-1.1152744,0.19946657,-0.031524625,-42
-1.1217211,0.19441995,-0.032030918,-41
-1.1301578,0.18787856,-0.032638337,-41
-1.140317,0.18005264,-0.033015307,-41
-1.1460996,0.17554402,-0.032944385,-41
-1.1552352,0.16859388,-0.03239702,-41
-1.1603163,0.16487743,-0.031889636,-41
-1.1664659,0.16026135,-0.031208334,-40
-1.1721436,0.15597045,-0.030719366,-40
-1.1774646,0.15180875,-0.03049956,-40
-1.1825261,0.14744565,-0.030483058,-40
-1.1872205,0.14265588,-0.030532097,-40
-1.1916113,0.13739172,-0.03053271,-40
-1.195758,0.13182166,-0.03042569,-40
-1.199678,0.12618984,-0.030137809,-39
-1.203257,0.12057508,-0.029589687,-28
-1.2060202,0.115629286,-0.028991114,-29
-1.2083962,0.110997766,-0.028434595,-34
-1.2111762,0.10542284,-0.027931815,-36
-1.2139894,0.099899456,-0.02765294,-38
-1.2165655,0.094747685,-0.027491229,-38
-1.2184873,0.090393275,-0.027332598,-39
-1.2201438,0.086085625,-0.027087105,-39
-1.2215991,0.08187081,-0.02675152,-40
-1.2226255,0.07879751,-0.026482975,-40
-1.2240822,0.07395474,-0.025969418,-40
-1.224918,0.07032963,-0.025376907,-40
-1.2256538,0.06697784,-0.02459513,-40
-1.2263625,0.06389922,-0.02366214,-40
-1.2270311,0.06087963,-0.022518313,-40
-1.2276033,0.05794349,-0.021156553,-40
-1.2277812,0.05596874,-0.020089563,-40
-1.227974,0.05337259,-0.018631846,-40
-1.2281363,0.050625302,-0.01709806,-40
-1.2282121,0.047563925,-0.0155261345,-40
-1.2282474,0.04411341,-0.013995417,-40
-1.2281947,0.040398907,-0.012682477,-41
-1.2282997,0.036512263,-0.0116561325,-41
-1.2285256,0.032706656,-0.0109332055,-41
-1.2287196,0.029096413,-0.010385001,-41
-1.2288073,0.025844222,-0.009836883,-41
-1.2287894,0.022909163,-0.009271362,-41
-1.2286469,0.020252006,-0.008820427,-41
-1.2283758,0.017694522,-0.008605903,-41
-1.2280338,0.015028684,-0.0086686555,-41
-1.2275316,0.01147406,-0.008978937,-41
-1.2268375,0.007006885,-0.009462908,-41
-1.2260877,0.0019959772,-0.010039267,-42
-1.2252271,-0.003474842,-0.010643258,-42
-1.2241673,-0.009046803,-0.011162718,-42
-1.2228402,-0.014460567,-0.011558266,-42
-1.2212048,-0.019607844,-0.01175348,-42
-1.2193251,-0.024427654,-0.011835541,-42
-1.2169963,-0.029269831,-0.011685768,-42
-1.2141773,-0.034164045,-0.011344123,-43
-1.2108989,-0.039075494,-0.010881648,-43
-1.2069745,-0.043962877,-0.010269104,-43
-1.203637,-0.04755677,-0.009662208,-43
-1.1988727,-0.052069902,-0.008801356,-43
-1.193977,-0.056163885,-0.008073265,-44
-1.1878417,-0.06085315,-0.0075232503,-44
-1.1843249,-0.063705206,-0.0074529015,-44
-1.1799394,-0.06766226,-0.0077583217,-44
-1.1758174,-0.07196132,-0.00843377,-45
-1.1717662,-0.076666966,-0.009214162,-45
-1.1678249,-0.08158896,-0.009883245,-45
-1.1642408,-0.08650728,-0.010359781,-45
-1.1610585,-0.09111342,-0.010650436,-45
-1.1577358,-0.09624198,-0.010884923,-45
-1.1544762,-0.10185345,-0.011195817,-45
-1.151812,-0.10748698,-0.011722748,-45
-1.1495297,-0.11302975,-0.012381046,-45
-1.1474272,-0.118105255,-0.012835964,-45
-1.1453748,-0.12295991,-0.013037976,-45
-1.1437994,-0.12664764,-0.013061679,-45
-1.141096,-0.13336977,-0.012982714,-46
-1.1388919,-0.13924065,-0.012896965,-45
-1.1364354,-0.14591832,-0.012789073,-46
-1.1336133,-0.15365607,-0.0126974555,-46
-1.1306881,-0.16211973,-0.012845776,-46
-1.1282407,-0.1704,-0.013363161,-46
-1.1259547,-0.17913635,-0.013927999,-46
-1.1239592,-0.18632278,-0.014134191,-46
-1.1198834,-0.19916761,-0.013880529,-46
-1.1171879,-0.20699735,-0.013503929,-46
-1.1130267,-0.21966302,-0.012992042,-46
-1.1103687,-0.22965647,-0.013226466,-47
-1.1089057,-0.23713514,-0.013822076,-47
-1.1071527,-0.24753289,-0.014807859,-47
-1.1049862,-0.2586848,-0.015613393,-47
-1.101742,-0.27314284,-0.016131349,-47
-1.0997739,-0.28141952,-0.016345702,-47
-1.0963858,-0.2946072,-0.017073926,-47
-1.0927906,-0.3079244,-0.018308172,-47
-1.0892698,-0.32073778,-0.019917663,-48
-1.086355,-0.33252862,-0.021766279,-48
-1.0837849,-0.34469736,-0.023807477,-49
-1.0814931,-0.3561454,-0.025576212,-49
-1.0791154,-0.3675031,-0.027098898,-49
-1.0766568,-0.3785864,-0.02829844,-49
-1.0740024,-0.38963532,-0.02922479,-49
-1.0715644,-0.39983687,-0.029864699,-49
-1.0692056,-0.41058713,-0.030381046,-50
-1.0670031,-0.421669,-0.030787222,-50
-1.0649701,-0.43282863,-0.031001264,-50
-1.0629112,-0.44416806,-0.031095114,-50
-1.0609881,-0.45577285,-0.031427294,-51
-1.0598788,-0.4663104,-0.03198603,-51
-1.0592178,-0.47470188,-0.032471966,-51
-1.0575631,-0.4897391,-0.033576734,-51
-1.0559274,-0.5017805,-0.034656238,-52
-1.0539886,-0.51478666,-0.0359321,-52
-1.0524495,-0.5243706,-0.036957543,-52
-1.0502565,-0.5370852,-0.038423907,-52
-1.047931,-0.5495385,-0.03980631,-52
-1.0450029,-0.56475925,-0.04150618,-52
-1.0434452,-0.57319623,-0.042535257,-52
-1.0411192,-0.5851885,-0.043929305,-52
-1.038381,-0.59724206,-0.045141686,-52
-1.0353673,-0.60918075,-0.046356384,-52
-1.0322503,-0.6211248,-0.04775636,-51
-1.0287906,-0.6334512,-0.04969331,-51
-1.0252191,-0.6456155,-0.052525893,-51
-1.0218325,-0.65768445,-0.05635996,-51
-1.0184028,-0.6697529,-0.060827166,-51
-1.014875,-0.68135655,-0.065611534,-50
-1.0115409,-0.6911458,-0.0699488,-49
-1.0081553,-0.7004336,-0.07414158,-49
-1.004634,-0.70985097,-0.07831021,-48
-1.0013634,-0.71876085,-0.08209599,-47
-0.99855113,-0.7270659,-0.085379995,-47
-0.99627036,-0.7352071,-0.088222496,-46
-0.99446887,-0.7435864,-0.09058718,-46
-0.9931262,-0.75229794,-0.09236021,-45
-0.992413,-0.75909746,-0.093268454,-45
-0.9915946,-0.7708034,-0.09411282,-45
-0.9909543,-0.7803385,-0.09446051,-44
-0.9904333,-0.787707,-0.09475493,-43
-0.9892069,-0.8029019,-0.09581208,-43
-0.98816,-0.81287223,-0.09682691,-42
-0.98569083,-0.8303742,-0.09908311,-42
-0.98368174,-0.84204036,-0.10082174,-41
-0.9804008,-0.85819185,-0.10331249,-40
-0.97655797,-0.8748959,-0.105819054,-40
-0.9721908,-0.8917621,-0.10823635,-39
-0.9674536,-0.908518,-0.11053372,-38
-0.9625365,-0.9253132,-0.11269771,-38
-0.95754844,-0.9424258,-0.114822,-37
-0.9527726,-0.9596911,-0.11689955,-36
-0.9482836,-0.9768358,-0.11871947,-36
-0.9438596,-0.99353826,-0.12005308,-35
-0.9395599,-1.009854,-0.12074994,-35
-0.9360568,-1.0241792,-0.12069899,-34
-0.9328889,-1.0380388,-0.11999741,-33
-0.92993283,-1.0513899,-0.11872794,-33
-0.9272046,-1.0643611,-0.116955124,-33
-0.9247083,-1.0770613,-0.11485467,-32
-0.92227197,-1.0895432,-0.11257188,-32
-0.9199228,-1.1015221,-0.11023683,-31
-0.9183326,-1.1102613,-0.10847171,-31
-0.9165144,-1.1216679,-0.10609248,-31
-0.91464937,-1.1352998,-0.10307754,-30
-0.9131649,-1.1468096,-0.100420035,-30
-0.9121211,-1.1555976,-0.09826303,-30
-0.9110103,-1.1672034,-0.09524573,-29
-0.9102254,-1.1777928,-0.09231234,-29
-0.9091688,-1.1908488,-0.088458605,-29
-0.90843093,-1.1986264,-0.086155854,-28
-0.9067328,-1.2114848,-0.08276471,-28
-0.9046178,-1.2205172,-0.081050135,-28
-0.90146035,-1.2328203,-0.07909312,-28
-0.8981381,-1.2445179,-0.07736887,-28
-0.8948697,-1.2545092,-0.075863786,-28
-0.89180064,-1.264464,-0.07422584,-27
-0.8890276,-1.274277,-0.07238556,-27
-0.8867,-1.284294,-0.07031997,-26
-0.8848132,-1.2950717,-0.06821512,-12
-0.88355374,-1.3049296,-0.066527106,-12
-0.88266873,-1.3145604,-0.065237194,-13
-0.88177955,-1.3243114,-0.06428213,-13
-0.8807482,-1.3343316,-0.06362187,-13
-0.87955344,-1.3453307,-0.06311262,-12
-0.8781978,-1.3583025,-0.062626116,-12
-0.87680864,-1.3711226,-0.062022008,-12
-0.875307,-1.3836942,-0.06114115,-12
-0.87376183,-1.3951182,-0.060105164,-12
-0.87207395,-1.4064934,-0.058967575,-12
-0.870344,-1.4178091,-0.057910334,-12
-0.86858183,-1.4289341,-0.056958035,-12
-0.8668067,-1.4399886,-0.05611026,-12
-0.8648889,-1.4509249,-0.055407695,-12
-0.8632969,-1.4591234,-0.054966398,-12
-0.86111,-1.4702276,-0.054671723,-12
-0.8591333,-1.4816332,-0.05481579,-12
-0.8574827,-1.493229,-0.055369265,-12
-0.85592526,-1.5070763,-0.05647797,-12
-0.85535216,-1.514027,-0.05724519,-14
-0.8548244,-1.5232649,-0.058386967,-15
-0.85441005,-1.5332469,-0.05978771,-20
-0.8539701,-1.5437294,-0.061408088,-23
-0.85354805,-1.5538365,-0.06297856,-26
-0.85319793,-1.5631948,-0.06432341,-27
-0.85292304,-1.5725466,-0.065394685,-28
-0.8527497,-1.5819937,-0.06604713,-29
-0.8526549,-1.5911672,-0.066135034,-29
-0.8525592,-1.5999283,-0.06566568,-29
-0.85229176,-1.6082542,-0.06476654,-29
-0.851754,-1.6164621,-0.063463435,-29
-0.850918,-1.6245859,-0.061871834,-30
-0.84980756,-1.6323701,-0.060158104,-31
-0.84841144,-1.639907,-0.058423467,-32
-0.84672236,-1.6472445,-0.056725852,-32
-0.8449129,-1.6542306,-0.055092834,-32
-0.8428845,-1.661273,-0.053562865,-32
-0.8406031,-1.6691023,-0.05217088,-33
-0.8385456,-1.6763341,-0.0512547,-33
-0.8363475,-1.6841301,-0.050720453,-33
-0.8346402,-1.690024,-0.050556798,-33
-0.83218014,-1.6979563,-0.050558373,-33
-0.829523,-1.7060261,-0.05083199,-33
-0.8268986,-1.7139615,-0.051408175,-33
-0.8243738,-1.7215643,-0.052237608,-34
-0.8215013,-1.7300086,-0.0533526,-35
-0.8175605,-1.7405344,-0.054869942,-36
-0.8140659,-1.7489353,-0.056094278,-36
-0.81161356,-1.7543441,-0.056848157,-36
-0.80821085,-1.7615976,-0.057966847,-36
-0.8047884,-1.7689785,-0.059280504,-37
-0.80139744,-1.7764581,-0.0607799,-37
-0.7979758,-1.7839395,-0.06247593,-37
-0.79444194,-1.7915306,-0.06446314,-37
-0.7900468,-1.8001292,-0.06692929,-37
-0.78531456,-1.8085805,-0.06943516,-38
-0.780216,-1.81705,-0.07198087,-38
-0.7747248,-1.825527,-0.074610114,-39
-0.768429,-1.8345058,-0.07744222,-39
-0.7620055,-1.8431673,-0.08018957,-40
-0.75511867,-1.8521205,-0.0830201,-40
-0.7477323,-1.8613861,-0.08597626,-40
-0.7438287,-1.8661848,-0.087516434,-40
-0.7337189,-1.8785425,-0.09166732,-41
-0.7221193,-1.8930417,-0.09714286,-41
-0.7150003,-1.9022069,-0.100733064,-41
-0.70305866,-1.9176605,-0.106703736,-42
-0.6958278,-1.9268754,-0.11009258,-42
-0.6863283,-1.939021,-0.114104755,-42
-0.6771538,-1.9509451,-0.1172638,-43
-0.66548526,-1.966177,-0.11996475,-43
-0.65821815,-1.9755675,-0.12090416,-43
-0.64845955,-1.9881238,-0.121408485,-44
-0.6380295,-2.0018222,-0.121170215,-44
-0.62832856,-2.0151093,-0.12033174,-45
-0.6189446,-2.0284302,-0.11892489,-46
-0.60965806,-2.0417547,-0.11700388,-47
-0.60051054,-2.0550227,-0.114701375,-47
-0.5921874,-2.0677276,-0.112347364,-48
-0.5846185,-2.0802445,-0.11003888,-49
-0.57702166,-2.0934415,-0.10773227,-50
-0.569487,-2.1064317,-0.105772175,-52
-0.56182784,-2.1192071,-0.10428954,-53
-0.5540539,-2.1321695,-0.10327678,-55
-0.54655343,-2.1451666,-0.10265024,-56
-0.5398132,-2.1575797,-0.10227157,-58
-0.5344074,-2.1683185,-0.101966426,-61
-0.5298177,-2.1781092,-0.10148407,-67
-0.52597487,-2.187146,-0.100627854,-78
-0.5228742,-2.1957493,-0.09924402,-76
-0.5209439,-2.2021446,-0.097922444,-63
-0.51844627,-2.2125442,-0.09530421,-53
-0.516744,-2.2216375,-0.0928411,-48
-0.5151884,-2.2316694,-0.090453215,-43
-0.51401305,-2.239742,-0.088868864,-40
-0.5124826,-2.2507324,-0.08699835,-37
-0.51067513,-2.2642813,-0.0849717,-34
-0.50967294,-2.2716434,-0.08395723,-32
-0.50812125,-2.2815695,-0.08258051,-30
-0.506242,-2.2917495,-0.081081726,-28
-0.50391364,-2.3035822,-0.07931544,-26
-0.50212,-2.3127706,-0.07789062,-25
-0.5008613,-2.3196025,-0.076820485,-23
-0.49944994,-2.3281503,-0.07549094,-22
-0.49827525,-2.3362179,-0.074239105,-21
-0.49722135,-2.3442564,-0.07297492,-20
-0.496219,-2.3532853,-0.07157082,-19
-0.4953763,-2.3626127,-0.07019738,-18
-0.49460435,-2.3721137,-0.06882164,-17
-0.49381456,-2.381564,-0.0674306,-16
-0.49288902,-2.3910997,-0.06614084,-16
-0.49177715,-2.4010248,-0.0650893,-15
-0.49048844,-2.4111683,-0.06436938,-14
-0.48911065,-2.420979,-0.063988425,-13
-0.48756608,-2.4312663,-0.06389777,-12
-0.48637673,-2.4389217,-0.064034514,-12
-0.4844296,-2.4517083,-0.06465172,-12
-0.48297864,-2.461725,-0.06539461,-12
-0.48167738,-2.4708185,-0.06615649,-12
-0.48078817,-2.4776328,-0.06664054,-12
-0.47971714,-2.4865057,-0.06706109,-12
-0.4784217,-2.4975832,-0.06736789,-12
-0.47765195,-2.5043263,-0.0675092,-12
-0.47657084,-2.5149162,-0.06769445,-12
-0.475934,-2.5229597,-0.06767185,-12
-0.47560444,-2.5288954,-0.06749553,-12
-0.47537223,-2.5387146,-0.06692697,-12
-0.47535953,-2.5468216,-0.06624446,-12
-0.4754698,-2.5533817,-0.065623924,-12
-0.47583023,-2.5616508,-0.06488361,-12
-0.4763975,-2.5701032,-0.06435478,-12
-0.4770621,-2.5788481,-0.064251654,-12
-0.47773296,-2.5875928,-0.064596035,-12
-0.47837833,-2.5965993,-0.06523123,-12
-0.478928,-2.6058877,-0.066032596,-12
-0.47950903,-2.6152909,-0.06700341,-12
-0.48010898,-2.6241822,-0.06806525,-12
-0.48059997,-2.6323135,-0.06914079,-12
-0.480918,-2.6396742,-0.070188984,-12
-0.48113856,-2.6464376,-0.07115641,-12
-0.48139384,-2.6531496,-0.072085746,-12
-0.48163968,-2.660141,-0.073128134,-12
-0.48170707,-2.666709,-0.074226044,-12
-0.48141035,-2.6735601,-0.07549192,-12
-0.48092753,-2.6786973,-0.076533526,-12
-0.4801291,-2.68532,-0.07802597,-12
-0.47922066,-2.6916194,-0.07949207,-12
-0.47773233,-2.6982777,-0.08111285,-12
-0.4760762,-2.703281,-0.08237968,-12
-0.4747202,-2.7065136,-0.08315318,-12
-0.47271463,-2.710798,-0.08408199,-12
-0.47092408,-2.7150896,-0.08482259,-12
-0.4697217,-2.7191882,-0.08526513,-12
-0.46876547,-2.723836,-0.085507676,-12
-0.46760297,-2.7285419,-0.085539766,-12
-0.46580958,-2.7336352,-0.08530816,-12
-0.46392834,-2.7376194,-0.08477367,-12
-0.46191463,-2.7410772,-0.08382411,-12
-0.460006,-2.7440784,-0.08269951,-12
-0.458199,-2.7471554,-0.081556246,-12
-0.45648554,-2.7502184,-0.08050208,-12
-0.45469815,-2.7529404,-0.079709165,-12
-0.45261034,-2.7554193,-0.079167776,-12
-0.45019576,-2.757664,-0.07872516,-12
-0.44766068,-2.7595768,-0.078203216,-12
-0.445356,-2.7609103,-0.07753631,-12
-0.443681,-2.761675,-0.076766506,-12
-0.44298068,-2.762086,-0.07611088,-12
-0.44251698,-2.7624943,-0.074859984,-12
-0.44236904,-2.7624626,-0.074052244,-12
-0.4418908,-2.762057,-0.072755575,-14
-0.4414488,-2.7617533,-0.072083384,-15
-0.44071433,-2.7613864,-0.07130896,-19
-0.43983346,-2.7609649,-0.070527256,-21
-0.43902186,-2.7603903,-0.0696557,-24
-0.4383583,-2.7597344,-0.06869594,-25
-0.43766505,-2.7591136,-0.06771487,-26
-0.4368516,-2.7585604,-0.06672791,-26
-0.4359733,-2.7581067,-0.06569627,-27
-0.43503794,-2.7576659,-0.06466382,-27
-0.4337161,-2.7570186,-0.06337405,-27
-0.43278405,-2.7565775,-0.06257316,-27
-0.4308429,-2.7559276,-0.061279885,-29
-0.4294749,-2.7555754,-0.0605883,-30
-0.42755425,-2.755036,-0.05971373,-30
-0.42582595,-2.754451,-0.058871772,-30
-0.42441902,-2.753846,-0.058034845,-31
-0.42330706,-2.7532818,-0.057199866,-31
-0.42230433,-2.752743,-0.056332257,-31
-0.42112792,-2.752209,-0.055516813,-31
-0.41976073,-2.7517388,-0.054804903,-31
-0.4183659,-2.7513406,-0.05420175,-31
-0.41709447,-2.750983,-0.05375553,-31
-0.41595554,-2.7506392,-0.05345222,-31
-0.4152045,-2.7503793,-0.053331,-32
-0.41414523,-2.7499332,-0.053344257,-33
-0.41342238,-2.7494812,-0.053552993,-33
-0.41310152,-2.748955,-0.053890124,-34
-0.41356987,-2.7481265,-0.054319844,-34
-0.41400638,-2.7474327,-0.054734845,-34
-0.41395852,-2.7462816,-0.055575356,-34
-0.4135181,-2.745601,-0.056144524,-34
-0.41283235,-2.74488,-0.056736067,-34
-0.41083282,-2.7430525,-0.057957843,-34
-0.40970907,-2.7420897,-0.058522493,-34
